0 0 6 6 1955891562 437411906883 -2394092003748 -560174912759 1460110786610 8239056434380
0 1 6 6 2166220224 443194240047 -2409262084138 -571547371947 1468038720004 8242879334938
1 0 6 6 2316354261 435645159350 -2387295297009 -558292486622 1454710177329 8216966854981
1 1 6 6 2509865705 441410678531 -2402439339334 -569639253115 1462639161194 8220769239836
0 2 6 6 2386531879 448983508510 -2423615457380 -583620393780 1485856603416 8242526487484
0 3 6 6 2598236996 454767062627 -2438579102411 -595000137043 1495399062391 8246107868958
1 2 6 6 2711665134 447181441372 -2416766102505 -581689257260 1481511880425 8220403942215
1 3 6 6 2908481844 452950112620 -2431703554917 -593039864569 1490503449021 8223965048148
0 2 6 5 17153402 463453028012 -2571547524257 -519629543413 1227421411694 8637629440339
1 2 6 5 316323111 461612453940 -2564572503451 -517580950782 1221209075851 8616474728651
0 3 6 5 450132199 475028800408 -2602061063881 -542054944669 1251391096771 8640320258775
1 3 6 5 719437497 473156352496 -2594942227820 -540124929259 1246330352417 8617617292613
0 4 6 5 878906247 486601480386 -2632404547130 -564242273059 1272873876758 8643781905423
1 4 6 5 1114681210 484697670488 -2625418953385 -562014887173 1266033243543 8622664933552
0 5 5 5 378680396 497200592631 -2721445370527 -533420382714 1133725239842 8851794866162
0 6 5 5 787646314 508742877522 -2752995647355 -554043723093 1149789696940 8856316622635
0 7 5 5 1184429759 520272137456 -2784445349162 -574522849484 1166348254278 8860020179011
0 8 5 5 1528407062 531789503979 -2816228029603 -593994596938 1177527133271 8868553134164
0 9 5 5 1837618931 543287873483 -2847533683320 -614460723189 1194153180743 8865816826784
0 10 5 5 2112531324 554760985692 -2879511524537 -633633669024 1204271125623 8869642076300
0 11 5 5 2341988003 566187365734 -2911145730834 -652766113044 1215835316122 8872789799037
0 12 5 5 2569197406 577603923811 -2943072123860 -672040777294 1223872237816 8869585583429
0 13 5 5 2795737099 589015578730 -2974736801161 -691604851068 1236586531612 8863256325384
0 14 5 5 3002948290 600420183426 -3006965856557 -709510237112 1239846673174 8866185312012
0 15 5 5 3218685194 611816648086 -3038981648343 -728760764666 1245554055361 8855994963545
0 16 5 5 3416941015 623202427092 -3071398131637 -746927203125 1250286548641 8850840266431
0 17 5 5 3606938383 634578347137 -3103520440192 -765171593935 1252037897420 8844699338302
0 18 5 5 3798050237 645940323697 -3135701818327 -784664595479 1253450790746 8826452963100
0 19 5 5 3961668203 657287521092 -3168375121214 -802359353626 1253668379684 8817886441316
0 20 5 5 4111295228 668616463031 -3200967190543 -820401563674 1248643836494 8805989541336
0 21 5 5 4254979375 679926106773 -3233686754150 -839585708841 1243857614301 8783280891956
0 22 5 5 4363706587 691213697949 -3266512919258 -857059764354 1239230396302 8770789136377
0 23 5 5 4463713622 702476176338 -3299563643181 -876327089872 1226931245302 8744958733833
0 24 5 5 4537838563 713707191734 -3332581792897 -896035786261 1222030583887 8714696187214
0 25 5 5 4568242816 724904963482 -3365845979377 -914437963162 1204187612771 8692569233834
0 26 5 5 4581259822 736064134184 -3399169362895 -935295691943 1185148506062 8653412044934
0 27 5 5 4547242190 747180015860 -3432631143083 -955506813520 1171009712315 8617112949868
0 28 5 5 4471616743 758248430880 -3466213043319 -976480514118 1143984179909 8576006661847
0 29 5 5 4359887182 769264470102 -3499973630539 -999356258252 1118951813607 8521704339680
0 30 5 5 4172313047 780214855606 -3533759166319 -1020762141117 1094416989091 8475529752974
0 31 5 5 3944082287 791093880180 -3567742358409 -1046185411300 1062087896185 8404594066052
2 0 6 6 2685070955 433885674327 -2380216379585 -556709837628 1451741469270 8193590681432
2 1 6 6 2859382611 439632028253 -2395404035601 -567965066882 1459492097510 8197356780789
3 0 6 5 281933731 434995224467 -2489482864887 -469387446184 1168636407682 8554948645467
2 1 6 5 262739681 448270280712 -2527210542302 -493283447591 1193158228490 8587875511028
3 1 6 5 604974694 446470873249 -2520216282221 -491463901130 1188162704561 8565316365697
2 2 6 5 625503557 459779934586 -2557514187530 -515708666868 1216641339285 8593843357372
3 2 6 5 934978452 457947748397 -2550468689732 -513839006837 1211644520012 8571244269626
1 3 5 5 93634365 470358575063 -2644137408992 -487830880777 1089531959188 8789470878133
1 4 5 5 443697287 481850957407 -2675836601071 -508349970002 1104143661986 8801088742937
1 5 5 5 791234457 493336369327 -2707177579824 -528969145100 1121778338344 8809250956789
1 6 5 5 1141857053 504815438521 -2738355207514 -549953182726 1140387513330 8810235509953
1 7 5 5 1469455642 516280572618 -2770004495537 -569813278707 1154000881939 8817367251049
1 8 5 5 1772907895 527730979157 -2801587106147 -589386854094 1167027572913 8824102753507
1 9 5 5 2015049628 539162012846 -2832756227027 -609768270894 1183229387301 8821290435887
1 10 5 5 2225688481 550568076129 -2864526697071 -629098961591 1194920502508 8823102748190
1 11 5 5 2390594273 561929637507 -2896075431741 -648120765809 1206060760893 8826121720840
1 12 5 5 2552189284 573283005569 -2928078158926 -666972857986 1212869636897 8824780672726
1 13 5 5 2714204347 584629892150 -2959646971244 -686429894793 1225713385757 8818352312321
1 14 5 5 2856607906 595969351531 -2991724372457 -704257677556 1229211482061 8821162807151
1 15 5 5 3011023448 607301525277 -3023605729092 -723700584320 1235957118492 8808731252734
1 16 5 5 3142793429 618623203762 -3055967259031 -741487237671 1239775808265 8805539763790
1 17 5 5 3268622117 629934853474 -3088133650184 -759554329941 1240922766718 8799273429855
1 18 5 5 3391667085 641231425944 -3120352985617 -778578299848 1241435602344 8783119334580
1 19 5 5 3488197393 652514050993 -3152872592816 -795881459004 1241806773929 8776718758251
1 20 5 5 3580236454 663779377339 -3185408172365 -814473246057 1236829086707 8760056245300
1 21 5 5 3656929452 675024657118 -3217966871882 -833241113084 1234494920401 8739610208362
1 22 5 5 3700910741 686247154991 -3250706566555 -850667510440 1227410736400 8726927019881
1 23 5 5 3740059074 697442365181 -3283649737269 -870606601987 1215691266300 8696076572195
1 24 5 5 3742343003 708607472812 -3316659629217 -889456301626 1209621096503 8670568881134
1 25 5 5 3712982996 719738782468 -3349820544615 -908641377048 1191794661988 8643186932913
1 26 5 5 3661047015 730832600213 -3383091216119 -929450322816 1173205275653 8603762481319
1 27 5 5 3555108876 741882634601 -3416497979163 -948801028789 1157856907937 8572376977809
1 28 5 5 3419061792 752883727278 -3450028538321 -970587201751 1131276009721 8525801466010
1 29 5 5 3235946672 763831169891 -3483595815333 -992962646963 1113433542969 8473923614249
1 30 5 5 2983330811 774712840912 -3517454569739 -1014821445867 1080906403960 8424737603470
1 31 5 5 2685569238 785521870770 -3551374182765 -1040216170244 1048981520931 8353494373103
4 0 6 5 662233717 433233938052 -2482555102089 -467625277303 1163646675385 8532463050467
5 0 6 5 1053840398 431483996449 -2475639763625 -465867163078 1158673872176 8510009976051
2 1 5 5 55120997 443782820491 -2569112258148 -439287119653 1025493835311 8739976897366
2 2 5 5 353347000 455210432303 -2599533802711 -461686649911 1052704562152 8743128312074
2 3 5 5 660415937 466646142945 -2630008725211 -483860274292 1078095353346 8745458539366
2 4 5 5 947291486 478072994942 -2661431610052 -504505743157 1095258896166 8755328404931
2 5 5 5 1230335956 489493943774 -2692677048613 -525004970477 1112171752745 8763394360785
2 6 5 5 1515203208 500907274417 -2723771395381 -545876422014 1131389346154 8764279761978
2 7 5 5 1777658060 512307269144 -2755327930019 -565623442933 1144381115736 8771301921755
2 8 5 5 2025215858 523692235413 -2786823279775 -585075727785 1157689594939 8777924222270
2 9 5 5 2216322115 535057705166 -2817915124252 -605352169823 1173630066721 8774996625195
2 10 5 5 2360780649 546399699508 -2849645298379 -624349042533 1185119421554 8778538335615
2 11 5 5 2460539771 557696080417 -2881191456912 -643196241592 1195450770320 8781532845508
2 12 5 5 2560493199 568984927127 -2912992557080 -662232521843 1203377967363 8778089609296
2 13 5 5 2653054669 580267272577 -2944603245850 -681039892172 1214966488220 8775549341676
2 14 5 5 2735354060 591543941631 -2976671250198 -698959189687 1217889207932 8776220306122
2 15 5 5 2825240237 602811187308 -3008333990597 -718365344481 1225818699397 8763688404620
2 16 5 5 2893820063 614069340140 -3040593426564 -736063833386 1229474690491 8760330611954
2 17 5 5 2956664923 625315017809 -3072665008639 -754322988429 1230683653590 8751768514886
2 18 5 5 3008830136 636549127072 -3105171300115 -772149117608 1228745438593 8742060701860
2 19 5 5 3046030943 647766140675 -3137268204042 -790158427139 1231438029615 8731057272407
2 20 5 5 3077656624 658967926982 -3169743670307 -808977008875 1225818621423 8711953545047
2 21 5 5 3090688862 670149188413 -3202233624021 -827663220031 1226280940370 8691290184093
2 22 5 5 3065945475 681305721243 -3235004085683 -844620055686 1215641876533 8680783935201
2 23 5 5 3040017849 692435455225 -3267810866803 -864511750143 1204130617884 8649749678533
2 24 5 5 2977782188 703535671521 -3300762154291 -883333552344 1197817183902 8624003195195
2 25 5 5 2882378079 714600691504 -3333921467425 -902425704127 1179480058950 8596426392857
2 26 5 5 2763755858 725627408819 -3367079255881 -923205548320 1161119730445 8556783471970
2 27 5 5 2589280629 736611780730 -3400440605745 -942090749812 1145430533522 8527743072158
2 28 5 5 2391406269 747547442120 -3433908386163 -964261046568 1118276789595 8478347129886
2 29 5 5 2138514599 758424711128 -3467422025138 -986604527408 1099594634781 8426205272233
2 30 5 5 1820726661 769237379075 -3501216237052 -1008914807241 1066796674933 8374019006525
3 0 5 5 558793061 428860962464 -2523660937599 -414578050612 997376306753 8680929736438
3 1 5 5 773803704 440221930767 -2555122540973 -435643071909 1015079747875 8696004124728
3 2 5 5 1015128281 451590755310 -2585376052288 -458073270091 1043164007622 8697677533753
3 3 5 5 1251963859 462956264155 -2615758333000 -480137872776 1068726874108 8699923988214
3 4 5 5 1469957215 474318888354 -2647379254215 -500220777192 1083029446168 8712954804995
3 5 5 5 1691535380 485676198601 -2678378384398 -520817367716 1101178196148 8719380300479
3 6 5 5 1910058992 497023156396 -2709325158975 -541606790502 1120928336133 8720160306542
3 7 5 5 2106536402 508357304970 -2740815471306 -561210469333 1133975520952 8727144155874
3 8 5 5 2284592285 519675438851 -2772344790771 -580280242321 1146202652299 8735519565000
3 9 5 5 2437574578 530978735332 -2803493517318 -600353265592 1160905740922 8732569613749
3 10 5 5 2514198625 542252576067 -2835017551037 -619286812703 1173299965682 8736062169066
3 11 5 5 2553423569 553485595933 -2866314591108 -638311768432 1185023146445 8737044305639
3 12 5 5 2589118949 564709921878 -2898023717793 -657247146030 1193221103348 8733482868892
3 13 5 5 2621068424 575928835197 -2929491704902 -676218466502 1205194516448 8728829195016
3 14 5 5 2639336707 587141175863 -2961481305183 -694031356212 1208373874547 8729340739870
3 15 5 5 2660740937 598345274161 -2993419900649 -712617655188 1213606184860 8720800636312
3 16 5 5 2665293267 609538994420 -3025476750403 -730277707723 1217881439403 8717321368256
3 17 5 5 2664280522 620720637088 -3057400190846 -748431396543 1219504286693 8708765496099
3 18 5 5 2658217517 631890520132 -3089696198805 -766840287075 1220014861996 8694469566715
3 19 5 5 2628619163 643046149123 -3121863438244 -784061593436 1219921408579 8687727440407
3 20 5 5 2596344866 654180896537 -3154172826679 -803134479995 1215047819175 8666278659342
3 21 5 5 2540764178 665296240363 -3186673661099 -821343656258 1214697721261 8647760674836
3 22 5 5 2456973258 676387366562 -3219280044756 -839010581378 1204158805853 8632331224668
3 23 5 5 2366608369 687452277921 -3252023380967 -858836835697 1193000986270 8601052124952
3 24 5 5 2236402846 698487348625 -3285012431824 -877184811603 1185311062530 8577527293871
3 25 5 5 2076698475 709487660460 -3318031496427 -896260565198 1167289450524 8549764432058
3 26 5 5 1890240154 720449428533 -3351166046503 -916538741650 1149742077969 8512454235723
3 27 5 5 1654888955 731369222279 -3384434143210 -935879061863 1132312492825 8480545333063
3 28 5 5 1391229271 742235473449 -3417851657577 -958428833809 1105465432969 8428299740635
3 29 5 5 1067346304 753044675720 -3451314158659 -980284086116 1086228146146 8378548668823
4 0 5 5 1359561082 425380354653 -2509762824485 -411191256914 987900947976 8635771497351
4 1 5 5 1512863876 436677170879 -2540761184834 -432508702510 1008923684937 8649142927209
4 2 5 5 1687064306 447983540072 -2571380868783 -454290441262 1032459602016 8653902915225
4 3 5 5 1861422044 459286620925 -2601649877826 -476250066815 1058175203483 8656084269834
4 4 5 5 2017823033 470587870997 -2633242688860 -496162211949 1072295971685 8669118920082
4 5 5 5 2174152187 481877568190 -2663992191946 -516878415210 1092346039105 8673772793100
4 6 5 5 2326296354 493160684552 -2695026360631 -537292320825 1110452318937 8676207692235
4 7 5 5 2453289420 504430423248 -2726755188424 -556243653691 1120134421972 8686598767389
4 8 5 5 2575771723 515685384564 -2757691132236 -576000231790 1136992722878 8689581794691
4 9 5 5 2681369791 526919766729 -2788833206223 -595735040079 1151076604558 8688348092118
4 10 5 5 2694502276 538129816970 -2820245138871 -614569446742 1163294575125 8691713602623
4 11 5 5 2672010057 549298502082 -2851416003497 -633701706919 1175587439936 8690727842223
4 12 5 5 2643681574 560458537506 -2883053886856 -652537918680 1183703047219 8687024322374
4 13 5 5 2607015496 571613792988 -2914647951610 -670817279466 1193839018810 8686210743785
4 14 5 5 2567268113 582762571746 -2946348370287 -689114410643 1198697279876 8682574476035
4 15 5 5 2521689798 593902056285 -2978262744586 -707315154849 1203679308263 8675953622507
4 16 5 5 2463246810 605032579220 -3010266858254 -724853294047 1207194436933 8672365486101
4 17 5 5 2403106172 616151999352 -3042050517584 -743226610753 1209364798247 8661473681342
4 18 5 5 2330088411 627257403045 -3074307145779 -761225860343 1212081659781 8649197454564
4 19 5 5 2235376911 638347531398 -3106378523519 -778380037377 1209406257700 8642241197645
4 20 5 5 2136538643 649418622136 -3138824983862 -796882290597 1203086441223 8622981179358
4 21 5 5 2019653429 660469359210 -3171205546776 -815389054979 1202787656346 8601941685799
4 22 5 5 1869391163 671496745434 -3203772567148 -832604375352 1192137252086 8588736695641
4 23 5 5 1710926591 682496360896 -3236468086166 -851943420432 1180803082074 8559748442022
4 24 5 5 1518531293 693465757326 -3269273626996 -870700368964 1173368155722 8533619521997
4 25 5 5 1300532507 704401135396 -3302195691888 -890550789722 1155426314514 8500642179332
4 26 5 5 1050346677 715298755335 -3335267247233 -910788079339 1139140435453 8463058477957
4 27 5 5 746825223 726149977006 -3368492930373 -930110108459 1119669643053 8430870533588
4 28 5 5 413696851 736949649565 -3401860750724 -952162834400 1092888900821 8380986696198
5 0 5 5 2182895829 421922459844 -2495921036447 -407816690176 978492633507 8590742506443
5 1 5 5 2278129430 433163358278 -2526931814368 -428839929772 998136290514 8605540850422
5 2 5 5 2384354631 444399652286 -2557333550893 -450706861228 1023058331810 8608706065416
5 3 5 5 2490396264 455639278894 -2587993384038 -471986059773 1044747258610 8614096482863
5 4 5 5 2582625862 466873687009 -2619067717543 -492184908465 1062131339064 8625281383393
5 5 5 5 2678566865 478100878813 -2649661309223 -512950111734 1083100514981 8628290466103
5 6 5 5 2762687899 489318529776 -2680819380817 -532965600475 1099171406541 8632373135289
5 7 5 5 2825704989 500524091764 -2712304014914 -551896319044 1110114342294 8642583010568
5 8 5 5 2885002294 511713517937 -2743095024475 -571733346698 1128232098292 8643766370721
5 9 5 5 2929970744 522885705374 -2774163386312 -591359941034 1141933979100 8642411393037
5 10 5 5 2898862708 534028986427 -2805485817184 -610086317198 1154038121156 8645649365621
5 11 5 5 2812797377 545133830244 -2836576388688 -629104187398 1166509087831 8644529350216
5 12 5 5 2721757723 556230881420 -2868140361755 -647841856372 1174665821389 8640681279781
5 13 5 5 2619418124 567322658644 -2899685921290 -665770248401 1184183439117 8641672415824
5 14 5 5 2512996336 578407379140 -2931490624579 -683574012518 1187425575331 8640024778000
5 15 5 5 2410545287 589484292493 -2963120553871 -702321160517 1195872547511 8629129609271
5 16 5 5 2281566798 600552003989 -2995188888615 -718858255051 1196123202127 8631656500078
5 17 5 5 2165630786 611607272433 -3026764205034 -738035775376 1199523728141 8614287987500
5 18 5 5 2026035274 622648650296 -3059028158457 -755597035876 1201138940751 8604045972254
5 19 5 5 1866331492 633673473633 -3091007479700 -772668480290 1198729881447 8596931583456
5 20 5 5 1703972884 644680705625 -3123369360616 -791077369422 1192008562247 8577485421042
5 21 5 5 1519828968 655666836923 -3155715608543 -809138491936 1191445108834 8558602582493
5 22 5 5 1311373786 666629733697 -3188171209140 -827044719150 1180735521705 8540471785720
5 23 5 5 1089107298 677565157686 -3220804012370 -846325403692 1169966344684 8511234602841
5 24 5 5 827135529 688470682958 -3253560312490 -864292208600 1161329623207 8489719173076
5 25 5 5 544564513 699341372052 -3286482459222 -883993338078 1143299609310 8456648352220
5 26 5 5 231784191 710172780617 -3319425541757 -904643840329 1131642740018 8416299617663
10 27 6 5 1463258165 722252333785 -3280081465399 -990693058510 1268740117359 8159726410677
6 0 5 5 3027090129 418485567189 -2482133941052 -404458118405 969655688032 8545843590821
6 1 5 5 3057521465 429661689858 -2513039985139 -425368982516 988831175293 8560550759792
6 2 5 5 3100044961 440831667110 -2542923866304 -447540385288 1017023228959 8561928405733
6 3 5 5 3143579806 452011452758 -2573908339030 -468303159364 1035380452061 8568935060359
6 4 5 5 3171245272 463181313073 -2604882789387 -488390044987 1053466386508 8580021063801
6 5 5 5 3205698792 474347045103 -2635386751766 -509036074954 1073831202106 8582933140167
6 6 5 5 3223391022 485500633384 -2666536614412 -528734002242 1089227931402 8588591146137
6 7 5 5 3222963698 496640385218 -2697853589442 -547758361102 1101180288599 8597002069164
6 8 5 5 3218523079 507766082305 -2728560065065 -567475070072 1118894316284 8598072182008
6 9 5 5 3194492395 518871967073 -2759786903620 -586668994054 1131301164802 8598441705694
6 10 5 5 3124065882 529951543111 -2790827289649 -605396783698 1144487275016 8601519921551
6 11 5 5 2976090171 540991885133 -2821797132698 -624521336288 1157210256017 8598447502534
6 12 5 5 2817648351 552026350453 -2853438461271 -642607938938 1165322052301 8598375124101
6 13 5 5 2651952172 563054616428 -2885024452795 -660366294599 1172629331604 8599202094086
6 14 5 5 2486272640 574077253201 -2916586475916 -678365746159 1176803510389 8595536353629
6 15 5 5 2318097006 585091029834 -2948347330774 -696631907204 1184946522467 8586580550872
6 16 5 5 2128052231 596094339644 -2980036894346 -713510598755 1186129079034 8586817893388
6 17 5 5 1948159525 607085540962 -3011588603925 -732536202566 1189024163778 8569384641425
6 18 5 5 1744280282 618062289398 -3043756058097 -750019378043 1190640853371 8558962568674
6 19 5 5 1518878051 629024212589 -3075922420888 -766539831979 1186379426518 8553899781293
6 20 5 5 1299630112 639968291732 -3107947675202 -785652763445 1181673454198 8529779430907
6 21 5 5 1048848816 650890316440 -3140230198653 -803301332986 1180737931779 8512984949360
6 22 5 5 775874057 661788502275 -3172706564995 -821095741380 1169204666782 8494680296439
6 23 5 5 489393996 672659287049 -3205203670785 -840347161842 1159487696673 8465238297474
6 24 5 5 164201603 683501191307 -3237910788026 -858298114664 1149295043760 8443451738881
12 25 6 5 1331692758 695563967265 -3199852870648 -943911327841 1291053171793 8183242561476
13 25 6 5 967407033 693053056410 -3192084085617 -940655759856 1285123237910 8161491459473
12 26 6 5 984487882 706344846418 -3232002732493 -964423863972 1280550668311 8146878091607
7 0 5 5 3891374770 415070847462 -2468486951934 -400963405802 959248221712 8502474604007
7 1 5 5 3858238257 426181486716 -2499201698667 -421913825456 979588386299 8515688875711
7 2 5 5 3845864479 437296604698 -2528988293634 -443977974528 1008183801760 8516989670749
7 3 5 5 3816250779 448405529494 -2560008081340 -464417706520 1025427622033 8525503437755
7 4 5 5 3781730421 459513068357 -2590813488760 -484439753947 1043470006084 8536416100430
7 5 5 5 3749608954 470612464455 -2621264632832 -504926805954 1063820198676 8539360442668
7 6 5 5 3705653140 481702069690 -2652232178481 -524722233892 1080209380489 8543247947379
7 7 5 5 3640800374 492779722172 -2683508403558 -543439773693 1091568343351 8553212924640
7 8 5 5 3571396188 503840654591 -2714167405125 -562997911326 1108964748073 8554283584728
7 9 5 5 3482258537 514884070512 -2745411427006 -581825947740 1120424663467 8556397717051
7 10 5 5 3361274615 525897028407 -2776405360566 -600411239530 1133382569052 8559379700449
7 11 5 5 3156038793 536874639368 -2807597224684 -619007693044 1143895722518 8558221120936
7 12 5 5 2942234946 547845639357 -2838643656097 -637945265403 1156152804427 8552260997111
7 13 5 5 2709374916 558811487324 -2870248256354 -655061607186 1162087494821 8556866032541
7 14 5 5 2484488764 569769572552 -2901632341686 -673493091438 1167391249382 8549102289557
7 15 5 5 2250206847 580719570798 -2933359965135 -691378278851 1174978395654 8542042035146
7 16 5 5 1999726486 591659491177 -2964932652056 -708457779056 1176468191108 8540033178006
7 17 5 5 1751530346 602587872885 -2996822606307 -726587863224 1176555283258 8526648740071
7 18 5 5 1491094512 613501928138 -3028521883505 -744780045135 1180500791928 8511785571564
7 19 5 5 1201655484 624399471878 -3060623342952 -761220992740 1176168787024 8506513563780
7 20 5 5 915486685 635279164030 -3092609438884 -779891211929 1171107518205 8484459467172
7 21 5 5 601815535 646137920415 -3124807466153 -797491775399 1169817398916 8467446706299
7 22 5 5 265693044 656972732265 -3157255365997 -815196443515 1158202106317 8448989517917
14 23 6 5 1330517951 668997616743 -3120381572523 -897881310685 1311672144795 8199680381709
15 23 6 5 1047593133 666565454396 -3112701944204 -895079573783 1305667708334 8175794783267
14 24 6 5 983820445 679792423648 -3152324437499 -916991996774 1295949783224 8174155716675
15 24 6 5 664097353 677326193980 -3144612170201 -913817346922 1289824720319 8152471199374
14 25 6 5 608943731 690548005040 -3184367844553 -937386303945 1279146049560 8139743735450
8 0 5 5 4777507249 411676185040 -2454802979110 -397628973674 950520293087 8457833470995
8 1 5 5 4678359714 422720832849 -2485418193078 -418472550802 970412666335 8470956561419
8 2 5 5 4601286751 433771291573 -2515109995217 -440425347619 998969792841 8472177945873
8 3 5 5 4510216554 444820917493 -2546114812495 -460576652546 1015965524167 8482129383823
8 4 5 5 4410365522 455865391231 -2576912645626 -480286784659 1032718336844 8494542570313
8 5 5 5 4315265221 466899976923 -2607385062898 -500705476425 1052305381984 8495953294081
8 6 5 5 4207255633 477925436871 -2638111177416 -520480931246 1069733762446 8499747615354
8 7 5 5 4076771669 488937305521 -2669215110120 -539136444856 1082034734156 8509528459034
8 8 5 5 3948000391 499936564394 -2699742081721 -558770589817 1100003391715 8508829962950
8 9 5 5 3792952882 510914043804 -2730908003128 -577491966059 1111785285131 8510816113242
8 10 5 5 3603857472 521864033423 -2761948108978 -595490543733 1122888612594 8517325952151
8 11 5 5 3364271680 532778056257 -2792928220484 -614454415793 1134487424374 8512366547100
8 12 5 5 3088150867 543686473748 -2823907966376 -633289760048 1147015454183 8506260682737
8 13 5 5 2784876561 554589411449 -2855781743929 -649390672800 1149751058082 8516599748677
8 14 5 5 2499635308 565484454096 -2887060572768 -667948458918 1155533832911 8506791278199
8 15 5 5 2203517584 576372417199 -2918689917199 -685727511459 1163100683511 8499669834012
8 16 5 5 1889293546 587248304799 -2950104118872 -702729665254 1165030957617 8497588180760
8 17 5 5 1574994040 598113116472 -2981977913292 -720407102026 1164891546750 8486246567617
8 18 5 5 1255241007 608964731942 -3013475159434 -738863985974 1169361656874 8469087362788
8 19 5 5 906404392 619799780237 -3045431918061 -755563833233 1165470822712 8461481769592
8 20 5 5 556121775 630615074360 -3077378391579 -774122052698 1160308692632 8439239927057
8 21 5 5 173781029 641410698545 -3109587126976 -790914147895 1158156678474 8426646373807
16 22 6 5 1141206291 653378006442 -3073419202859 -871995971446 1303185033485 8185008635813
17 22 6 5 900841757 650988650574 -3065791760822 -869229620927 1297857936772 8161293899535
16 23 6 5 770286839 664138947550 -3105037305807 -892285053579 1299975393477 8151931270998
17 23 6 5 498076018 661717573433 -3097388200413 -889498093340 1294103851368 8128089796918
16 24 6 5 350410229 674866020637 -3136915536990 -910654465338 1284360675481 8130795150825
9 0 5 5 5684039944 408299658065 -2440811260060 -394662926298 944244729957 8411748907321
9 1 5 5 5524339197 419286189011 -2471687461231 -415037985603 961303736256 8426352559856
9 2 5 5 5380149167 430269564154 -2501285933460 -436882990506 989818579468 8427492940868
9 3 5 5 5223025703 441253148782 -2532195584136 -456924104908 1007156782006 8437343767268
9 4 5 5 5059317533 452233781454 -2562894043307 -476519510503 1023611707861 8449655085599
9 5 5 5 4904278978 463208451710 -2593278560782 -496819259417 1043739493180 8450965121483
9 6 5 5 4732147681 474169788574 -2623923747037 -516485985272 1061136057415 8454649614344
9 7 5 5 4535335206 485120079548 -2655087145704 -534604760324 1071591888384 8467694386150
9 8 5 5 4345191070 496053203103 -2685375673707 -554549751868 1090846216434 8463496769123
9 9 5 5 4127875430 506968384848 -2716464586391 -573165505612 1102792886805 8465353669613
9 10 5 5 3871325613 517853364687 -2747449922261 -590844062331 1113327690960 8473499189423
9 11 5 5 3589587284 528703926071 -2778601306051 -609307666766 1122911914937 8470466048902
9 12 5 5 3252073769 539550617296 -2809420734655 -628075900486 1136247268478 8464253651933
9 13 5 5 2890879603 550390235250 -2841013685556 -644656306423 1140253825449 8470553633989
9 14 5 5 2543649847 561222990775 -2872221792317 -663108509130 1146281611387 8460576990935
9 15 5 5 2181797222 572047511266 -2903813787539 -680504676751 1153185729726 8455326726596
9 16 5 5 1809022212 582861920188 -2935116088476 -697707340505 1155325808534 8451014809607
9 17 5 5 1431949783 593663635425 -2966929942646 -715286373170 1155210017024 8439474327122
9 18 5 5 1040591034 604451774051 -2998591675888 -732597557905 1157468437430 8428653731641
9 19 5 5 637593751 615223854657 -3030257065974 -750280701309 1155328245742 8414293891110
9 20 5 5 216757076 625977042937 -3062420063837 -767585361047 1148701851178 8398594094798
18 21 6 5 1091619476 637882456969 -3026600627976 -848039408541 1302618476665 8157733777836
19 21 6 5 893645038 635538494539 -3019038277331 -844979572372 1297023988889 8136389170300
18 22 6 5 669385285 648608240325 -3058179215798 -866470077137 1292082567427 8137601760481
19 22 6 5 441701258 646231641298 -3050583690491 -863717084142 1286781983559 8113932132924
18 23 6 5 227045323 659303264302 -3089787436692 -885951104066 1287901806138 8108932039552
10 0 5 5 6607181972 404942308579 -2427239333203 -391346366654 935165137270 8367368356476
10 1 5 5 6383028468 415864401760 -2458012192052 -411613530120 952261591670 8381876106458
10 2 5 5 6178879452 426789965992 -2487615002021 -433165460984 979567175914 8384441874309
10 3 5 5 5962516702 437712201916 -2518331628524 -453285182727 998398428672 8392683773495
10 4 5 5 5732254662 448626300841 -2548931779337 -472762113651 1014721017834 8404892714489
10 5 5 5 5513097204 459536866763 -2579226681068 -492948075886 1034659899243 8406100619679
10 6 5 5 5277155502 470436717156 -2609863260802 -512300579852 1051231730638 8411330037651
10 7 5 5 5015867179 481322759118 -2641054752173 -530223812540 1061894918299 8424360736426
10 8 5 5 4763651108 492191249068 -2671068889488 -550338467113 1081738091344 8418283445869
10 9 5 5 4480172060 503042752743 -2702141310257 -568621070291 1093207437913 8421795466232
10 10 5 5 4163268568 513864821751 -2732974665045 -586425485719 1104381289677 8428021119994
10 11 5 5 3821773910 524652541207 -2764116831836 -604519284086 1113221880522 8426729448047
10 12 5 5 3442979532 535436861057 -2794795294740 -623450709120 1127102200710 8418478709952
10 13 5 5 3017463042 546214423483 -2826379098514 -639639693237 1130456168657 8426601276199
10 14 5 5 2610807584 556984883280 -2857443617230 -658277624245 1136937700544 8414472199789
10 15 5 5 2184031755 567746740645 -2888992176267 -675299138983 1143248824867 8411073434799
10 16 5 5 1748526225 578498286900 -2920293839131 -692351139876 1144942713490 8406656437698
10 17 5 5 1312099332 589237553512 -2951941220810 -710180714986 1145581437842 8392807098832
10 18 5 5 855672462 599962977085 -2983544028532 -727096610407 1147421333810 8383927883351
10 19 5 5 387399377 610672515621 -3015314640988 -744264927384 1143682567947 8371649806342
20 20 6 5 1167226296 622514009582 -2980206125483 -823960778288 1299571454757 8131773645769
21 20 6 5 1014490863 620212772427 -2972699449322 -821267242001 1294681103602 8108390216594
20 21 6 5 698122937 633199935106 -3011597010099 -841503873318 1290596666890 8117344548453
21 21 6 5 512235075 630868118810 -3004062895019 -838461400963 1285253403965 8096033468281
20 22 6 5 219123221 643860185808 -3043003402823 -860968938266 1281011911625 8090284925422
11 0 5 5 7552312989 401608992861 -2413805698060 -387892787435 925069920646 8324486609193
11 1 5 5 7265682499 412466722739 -2444390358779 -408201758260 943284666680 8337527112987
11 2 5 5 6996188432 423329172534 -2474041953654 -429430114129 969311618174 8341553797025
11 3 5 5 6714795885 434186298638 -2504601038684 -449477242050 988788730753 8349659084252
11 4 5 5 6427804422 445041580647 -2535022762593 -469011371003 1006027295321 8360255229168
11 5 5 5 6143206200 455889009298 -2565326045012 -488878870829 1025277001327 8362987465547
11 6 5 5 5840150940 466724566673 -2596327754889 -507675501013 1037880091330 8369917440972
11 7 5 5 5520765889 477547380010 -2626884410406 -526141275477 1052915829504 8379385164720
11 8 5 5 5198424456 488353414546 -2657248268790 -545337580660 1069142669543 8378525483944
11 9 5 5 4858222364 499140483855 -2687810558224 -564321277526 1084402625915 8376569539598
11 10 5 5 4474406577 509898302292 -2718694739189 -581730286206 1094442213719 8384529166199
11 11 5 5 4073807703 520624168210 -2749622449127 -600004323348 1104042782425 8381218274971
11 12 5 5 3646708920 531346496440 -2780812362837 -617577046950 1113433486712 8380515657617
11 13 5 5 3169239051 542061440909 -2811725045969 -634926584615 1121398204427 8380777682719
11 14 5 5 2695731661 552769988456 -2842880794687 -652852066457 1126183573598 8372509122439
11 15 5 5 2211252019 563468586736 -2874197260128 -670394164862 1133686859149 8364898232218
11 16 5 5 1711193964 574157957107 -2905484572243 -687031121643 1134765754562 8362396899302
11 17 5 5 1213232290 584835372102 -2937046753070 -704767346555 1135626578556 8348379292765
11 18 5 5 694775268 595498379595 -2968554046220 -721614277239 1137298883177 8339286849458
11 19 5 5 164012385 606145300328 -3000344690722 -738642261347 1132917856907 8326886335352
22 20 6 5 865412632 617917969742 -2965212854512 -818243364719 1289209074698 8087218561285
23 20 6 5 721598806 615631254443 -2957957833119 -814789977798 1282249867038 8068189503102
22 21 6 5 331323310 628541300103 -2996544039523 -835428927062 1279592324234 8074731953108
12 0 5 5 8514060957 398292574845 -2400473322235 -384412358167 914619149328 8281802613535
12 1 5 5 8164187748 409087248463 -2431020775408 -404561992210 932408139344 8294832946609
12 2 5 5 7834906880 419887731270 -2460378523980 -425919466835 960379555617 8297244600596
12 3 5 5 7490890249 430682246186 -2490843016827 -445855953930 980207172819 8305249562467
12 4 5 5 7138340966 441474370066 -2521365838549 -465006871968 995313024862 8317382249712
12 5 5 5 6792057560 452260118011 -2551525761208 -484787685478 1015271206457 8320031383051
12 6 5 5 6425997860 463032575479 -2582373443369 -503511601606 1028636887964 8326812270893
12 7 5 5 6046476289 473792952077 -2612767164971 -522068452183 1044514244441 8334530895004
12 8 5 5 5657046243 484534474016 -2643226659369 -540867053097 1058697612444 8335334322135
12 9 5 5 5252640700 495259849497 -2673750391157 -559514776957 1073617683550 8335050103818
12 10 5 5 4810131216 505953800499 -2704332691096 -577335457889 1085810408871 8339282411940
12 11 5 5 4347486820 516617569397 -2735187750556 -595500270126 1095014688275 8335821098014
12 12 5 5 3877488571 527278097990 -2766299764671 -612977713404 1104545967895 8334963253588
12 13 5 5 3338058397 537931142488 -2797571761338 -629493284031 1109006639561 8338965973222
12 14 5 5 2804806101 548576953253 -2828409876111 -647690041817 1115712944603 8328621545951
12 15 5 5 2254547684 559214658931 -2859688602972 -664552639172 1122226766033 8324957333645
12 16 5 5 1694425443 569841352496 -2891094262704 -681258849721 1122476659287 8320247557102
12 17 5 5 1137254791 580456347165 -2922259244420 -699339263062 1125299736597 8304058070979
12 18 5 5 552089300 591057879652 -2953870235098 -715388270836 1125653867815 8299048700151
24 19 6 5 1150250177 602766006284 -2919444957251 -793483676039 1275905931175 8066747688539
25 19 6 5 1054237957 600521812941 -2912030021215 -790841319349 1270631677349 8043574868533
24 20 6 5 586857019 613348127682 -2950495785682 -812115525746 1276823070725 8044877158120
13 0 5 5 9497903032 394996361995 -2387059275860 -381127355658 905761082030 8237802890537
13 1 5 5 9088989869 405731439354 -2417202715674 -401402063425 925142074690 8250513254408
13 2 5 5 8691052462 416463857719 -2446772193661 -422423039296 951864945410 8253062085716
13 3 5 5 8292500627 427203850418 -2477143573653 -442247267493 971306896803 8260965179433
13 4 5 5 7874203718 437930243224 -2507568342777 -461277664956 986822450676 8272990587675
13 5 5 5 7462847815 448650924841 -2537644242352 -480947920055 1006997776856 8275534097304
13 6 5 5 7036446877 459363028474 -2568406949364 -499561990202 1019743975196 8282195061954
13 7 5 5 6590039440 470059023647 -2598855433270 -517738554262 1034317182338 8291536952306
13 8 5 5 6140134947 480740174732 -2629334009413 -536365174952 1048174989832 8292251274164
13 9 5 5 5671641652 491401382389 -2659640406471 -554976283683 1064067266342 8291866383070
13 10 5 5 5162316937 502031267941 -2690369536688 -572335355019 1074543698237 8297836905952
13 11 5 5 4640871386 512633455642 -2720875112506 -590750765916 1085338234887 8292402156708
13 12 5 5 4108798633 523231852900 -2751889093947 -608136639550 1095044424490 8291407277514
13 13 5 5 3534543964 533823284000 -2783031259890 -624805987891 1099845310623 8293360450903
13 14 5 5 2937406447 544407609760 -2813953708077 -642560199456 1105918490719 8284851862879
13 15 5 5 2326577104 554984252476 -2845035693269 -659392233074 1112549546712 8280990762511
13 16 5 5 1707244514 565548871419 -2876340637707 -676287348075 1112924614781 8274090283551
13 17 5 5 1086269940 576102422515 -2907480059968 -693957799336 1115469504712 8259814635540
13 18 5 5 436873264 586642149260 -2939086653937 -709572317514 1114937646031 8256750017094
26 19 6 5 960191800 598282344798 -2904699480113 -787846443224 1265117606633 8022567160215
14 0 5 5 10498537417 391721211110 -2374059679160 -377418354000 893446530143 8196794892632
14 1 5 5 10026320747 402391009076 -2403900930974 -397808071533 914714498088 8208039557334
14 2 5 5 9573780511 413068781695 -2433317630300 -418754351147 943041836557 8210479359802
14 3 5 5 9102492635 423738260432 -2463706389037 -438263290818 960235058502 8219844828001
14 4 5 5 8625423764 434406168209 -2494092301900 -457114245693 975728589655 8231920340035
14 5 5 5 8158009411 445066239656 -2523816868201 -477121219784 998259710984 8231159192088
14 6 5 5 7664009807 455713127850 -2554616880136 -495387821211 1010031034350 8239379269001
14 7 5 5 7156218332 466347771314 -2584956218333 -513449785971 1024542233514 8248632423909
14 8 5 5 6644165096 476964311013 -2615250844438 -532205808232 1039528524902 8247506032171
14 9 5 5 6110718589 487562994607 -2645535401710 -550485424826 1054609535041 8248732968454
14 10 5 5 5538986354 498130691972 -2676337313980 -567630975768 1064157019158 8254665438447
14 11 5 5 4959409856 508671962645 -2706556956166 -586277460208 1076617011793 8247232896867
14 12 5 5 4362599451 519208199291 -2737532031789 -603309349513 1085794776198 8247945666069
14 13 5 5 3749324255 529739074069 -2768739560977 -619523588498 1089209101270 8251789192184
14 14 5 5 3091306956 540262371389 -2799682532465 -637120663329 1094878102198 8243141154048
14 15 5 5 2417516700 550775684869 -2830602726337 -653888256624 1101848391541 8239147187945
14 16 5 5 1740200780 561279398546 -2861697819557 -671005541409 1103185500644 8230119010481
14 17 5 5 1058138287 571771665010 -2892850320495 -688541396771 1106604077733 8215672912976
14 18 5 5 347193073 582249296440 -2924260957263 -704155103126 1105220886488 8212366830445
15 0 5 5 11516163855 388461154038 -2360927692683 -373944787937 882930242542 8154503738847
15 1 5 5 10988810793 399073738941 -2390493819274 -394441026226 906466429742 8164193587903
15 2 5 5 10470217607 409685488525 -2419816021533 -415276325743 934300243433 8166546341202
15 3 5 5 9938342029 420296747453 -2450359326251 -434387305687 949694874803 8177408164790
15 4 5 5 9400973948 430902007862 -2480402884717 -453406562725 967028845070 8187773451484
15 5 5 5 8863255354 441498878278 -2510534334802 -472549732334 985340907645 8191831067420
15 6 5 5 8311485321 452085586736 -2540989719489 -491002774182 999307635448 8198310140271
15 7 5 5 7744497620 462656320792 -2571009927485 -509408712504 1016241549651 8204136722716
15 8 5 5 7169018390 473211850022 -2601305776414 -527828762362 1030336042601 8204606779029
15 9 5 5 6572473432 483747598774 -2631624237311 -545924636864 1044235054940 8205780859454
15 10 5 5 5940271423 494252138390 -2662145333081 -563267894713 1055623094453 8209760655711
15 11 5 5 5296584463 504731955158 -2692411285971 -581522597557 1067042132327 8204061580036
15 12 5 5 4636507598 515207718506 -2723499882509 -598099825887 1074440351912 8206554216804
15 13 5 5 3973091836 525676610356 -2754315192946 -614858305137 1080207556052 8206402023026
15 14 5 5 3271067356 536137898369 -2785193791541 -632364109618 1086303747686 8197572379976
15 15 5 5 2535160238 546591253707 -2816057794413 -648764869060 1092334716885 8195361580004
15 16 5 5 1795469931 557035268680 -2847305067960 -665347682372 1092253020706 8188321768504
15 17 5 5 1051223778 567465012558 -2878350925264 -682805485646 1097512630097 8173711173881
16 0 5 5 12560414487 385225767695 -2347671754696 -370699023152 874302629897 8110877613733
16 1 5 5 11971077179 395776389045 -2377139734184 -391085780226 897842142092 8120474535891
16 2 5 5 11389331180 406327236667 -2406555022761 -411572489029 924220142527 8124279379424
16 3 5 5 10794807282 416877935274 -2437063327184 -430398199777 938735771878 8136526333531
16 4 5 5 10198523213 427419987510 -2466768492491 -449709430373 958389493199 8143749846174
16 5 5 5 9596977373 437953026523 -2496817345063 -468742724571 976842980318 8147694261474
16 6 5 5 8983348956 448477862331 -2527184298427 -487087840649 991028028238 8154053994467
16 7 5 5 8355183097 458987414504 -2557117292137 -505376714988 1007837496248 8159760533505
16 8 5 5 7716676097 469479879317 -2587339508318 -523692858475 1022238002667 8160097364979
16 9 5 5 7055606197 479953496549 -2617622542958 -541462403812 1034945144563 8162859854501
16 10 5 5 6361165475 490395922765 -2648095217596 -558652575612 1046311659531 8166786814669
16 11 5 5 5653438431 500814441360 -2678540432560 -576440334417 1056146488221 8162814323926
16 12 5 5 4929014768 511228618709 -2709672433424 -592594687286 1062229775469 8167092724513
16 13 5 5 4213861975 521637434593 -2739949857849 -610207379219 1071273508030 8161123596033
16 14 5 5 3469821014 532037751715 -2770900109813 -627014880229 1076788321004 8156075031372
16 15 5 5 2673469971 542430301329 -2801636293711 -643339630499 1082376857871 8153702611565
16 16 5 5 1873715358 552811465741 -2832783833553 -660095438007 1082444553524 8144533530278
17 0 5 5 13621209009 382008909253 -2334549493192 -367314313971 865189543352 8068699753497
17 1 5 5 12972055343 392497896679 -2363839622332 -387740056582 889284067759 8076881608460
17 2 5 5 12329036991 402987489580 -2393167271862 -408120910568 916018514250 8080594702510
17 3 5 5 11670939066 413474617470 -2423577508029 -426832212954 930426025315 8092729895653
17 4 5 5 11013318134 423957805311 -2453485594229 -445696547567 947705812167 8101484486847
17 5 5 5 10353365689 434429977208 -2483156307880 -464948497301 968766119316 8103679149157
17 6 5 5 9673189774 444890486909 -2513498598803 -482986220251 981992423545 8111508602112
17 7 5 5 8986045214 455338819176 -2543280006095 -501355806305 999447660428 8115502888807
17 8 5 5 8282495459 465768717712 -2573555046781 -519306080679 1012650976871 8117455034093
17 9 5 5 7562669654 476181020508 -2603627273453 -537235377047 1026609024012 8118330449002
17 10 5 5 6799851902 486560358640 -2634322018053 -553715586098 1035099523737 8125778604847
17 11 5 5 6035033795 496919112694 -2664548767761 -571692408028 1046160615752 8119856392857
17 12 5 5 5250048813 507272509626 -2695474104171 -587815194774 1053275995098 8123927949331
17 13 5 5 4473675956 517620200967 -2725707672183 -605278782076 1061647248971 8117886133057
17 14 5 5 3691590129 527961344702 -2756527835632 -622287128350 1069681700630 8110721366983
17 15 5 5 2831101590 538291686942 -2787557693414 -637508135125 1070453114357 8114113626805
18 0 5 5 14649326869 378808592649 -2321398800403 -364089147211 856700526341 8025325457171
18 1 5 5 13983146995 389239336318 -2350591326706 -384403919749 881603680529 8033414378968
18 2 5 5 13286489952 399667897697 -2380054099356 -404412589989 906177636141 8038579726601
18 3 5 5 12567232341 410091602602 -2410148652158 -423276613517 921892602782 8049057002336
18 4 5 5 11846336380 420511527220 -2439961772686 -442023607500 939540961595 8057703697508
18 5 5 5 11125088238 430924915765 -2469868304338 -460815902050 958154894889 8061448580651
18 6 5 5 10387133414 441325110841 -2499809191096 -479096263623 973624220782 8067492098909
18 7 5 5 9635877272 451711714299 -2529597305196 -497116698672 989959419953 8073043452530
18 8 5 5 8870663347 462079931258 -2559772075079 -514967031789 1003666541805 8074881731842
18 9 5 5 8086028619 472429926592 -2589838642836 -532538586605 1016570587818 8077400574432
18 10 5 5 7266120649 482747163600 -2620298989229 -549391928562 1026733019475 8081213137362
18 11 5 5 6435652894 493045546798 -2650708586179 -566676712134 1036127686302 8078821921588
18 12 5 5 5593307218 503338727995 -2681331418419 -583049242943 1044545394439 8080859189417
18 13 5 5 4756777781 513626454665 -2711658752377 -600295776054 1051294135358 8074753845040
18 14 5 5 3912761130 523905479134 -2742257592688 -617288768917 1060452080955 8067422972499
19 0 5 5 15683500475 375628516597 -2308201946211 -360887245253 847972932958 7983192879908
19 1 5 5 14954303994 385997364806 -2337511198835 -380893799634 872287389604 7991497088926
19 2 5 5 14223692903 396367294892 -2367153344386 -400488305542 895016703056 7998147140559
19 3 5 5 13482503923 406733285576 -2396843851198 -419556981882 912961057196 8006949991789
19 4 5 5 12702744257 417090979553 -2426601319404 -438149655950 930779335286 8015594532013
19 5 5 5 11914341184 427441989519 -2456795310955 -456294474584 945454081334 8022513019953
19 6 5 5 11116812147 437780270086 -2486434879086 -474737077360 963311942577 8026846543821
19 7 5 5 10304593500 448103767398 -2516098479238 -492813414406 979880358136 8030738886241
19 8 5 5 9481397391 458411427261 -2545971179118 -510868180679 995165356134 8030721668441
19 9 5 5 8630503518 468700173862 -2576265141245 -527764512203 1005915066801 8036573617583
19 10 5 5 7754508714 478956215644 -2606331647266 -545079361186 1018118918344 8036760973307
19 11 5 5 6861505810 489194663810 -2636777538926 -561979937478 1027844288421 8036065644326
19 12 5 5 5953767826 499427760766 -2667501081253 -577675827757 1033592139145 8041672725416
19 13 5 5 5057114130 509652878839 -2697818527866 -594993018173 1040115274393 8033650568325
20 0 5 5 16739205206 372472879637 -2295363273085 -357353764495 837250546726 7942745195854
20 1 5 5 15949931622 382777397251 -2324368498510 -377582122686 864745992272 7948279003659
20 2 5 5 15151420726 393082725347 -2354065927602 -396851268677 885162414047 7956319831418
20 3 5 5 14353272486 403391030166 -2383588844786 -415851259678 903756737028 7964948239216
20 4 5 5 13544525149 413688346505 -2413186046100 -434496685340 923017132832 7972057989932
20 5 5 5 12719917273 423976973049 -2443301346097 -452534553618 937148489881 7978853553450
20 6 5 5 11865992679 434254933810 -2473023942542 -470438641680 953418923122 7986263881214
20 7 5 5 10994234322 444519347475 -2502828764885 -488236528832 968684165786 7990242624658
20 8 5 5 10113655276 454764575588 -2532229774710 -506782671189 986960976454 7986677732675
20 9 5 5 9196788928 464992256839 -2562623258280 -523069130584 996251592334 7995845509053
20 10 5 5 8262312712 475187369236 -2592499657149 -540521668648 1008972846911 7994212176340
20 11 5 5 7310639065 485364501543 -2622796330303 -557586157293 1019232571633 7991564666555
20 12 5 5 6339992550 495537142271 -2653458570004 -572944840594 1024722055950 7998796382970
21 0 5 5 17816337780 369334671682 -2282370456722 -354159947381 829387567788 7899744212269
21 1 5 5 16965453113 379577786273 -2311281824160 -374278497553 856826372435 7905185841729
21 2 5 5 16109955538 389826790209 -2340893169284 -393439100915 876821322066 7913122097867
21 3 5 5 15242609952 400067847980 -2370438715034 -412115936328 894178562714 7923158014594
21 4 5 5 14379574902 410308834511 -2399825487701 -430856517639 914977478300 7928643494839
21 5 5 5 13492694199 420535430283 -2429859577711 -448784295746 929025281377 7935314945971
21 6 5 5 12597708501 430752198830 -2459546886279 -466390676189 944772267675 7944141683327
21 7 5 5 11686767984 440955154058 -2489393924241 -483980471850 958822637432 7948155267050
21 8 5 5 10762613800 451139474327 -2518778904697 -502194205775 976966387794 7946170659090
21 9 5 5 9784039110 461305458985 -2549114047026 -518345442314 986084307284 7955212612362
21 10 5 5 8793235629 471439201747 -2578645913008 -536237547380 1000582322626 7949984949743
21 11 5 5 7772820107 481555603698 -2609455899823 -552201305314 1006631772514 7952645925156
22 0 5 5 18905559161 366210273368 -2269503753097 -350833585406 820280465047 7858136037483
22 1 5 5 17998274357 376395866407 -2298247568151 -370982003397 848586534725 7862217765549
22 2 5 5 17080039921 386583812955 -2327866643731 -389857479969 867523032136 7871464038685
22 3 5 5 16157691998 396769198153 -2357292239631 -408433126350 885517651123 7881383286810
22 4 5 5 15231105335 406945737965 -2386521071685 -427225440459 906980917872 7885349928628
22 5 5 5 14282853981 417112422270 -2416557847581 -444846265828 920168327687 7893441767492
22 6 5 5 13328376525 427269525210 -2446124238942 -462356263531 936150775963 7902123234860
22 7 5 5 12355531577 437410764248 -2475919661781 -479793012935 950203599004 7906131653816
22 8 5 5 11370391939 447534804672 -2505262646546 -497872276851 967537046910 7904072802565
22 9 5 5 10352019629 457638703924 -2535526708717 -513708217885 976640617849 7914650500069
22 10 5 5 9310813496 467711428544 -2565129711846 -531588043334 990372951659 7907667730608
23 0 5 5 20014823022 363104747451 -2256688795816 -347520548802 812096104569 7816637453276
23 1 5 5 19052194697 373234951958 -2285265993620 -367697361955 840409787693 7819374349648
23 2 5 5 18070558329 383359192946 -2314797475922 -386464009572 859698016248 7828511656990
23 3 5 5 17084601639 393484855133 -2344403583505 -404499132390 875124553689 7841266371995
23 4 5 5 16097051198 403600134378 -2373525038147 -423161837246 896954860873 7845260473802
23 5 5 5 15094358044 413709356306 -2403228564718 -441117392633 912224001934 7850141615672
23 6 5 5 14074747191 423804618139 -2432911311459 -458071876164 926128132506 7861858383043
23 7 5 5 13044182531 433885203292 -2462413217311 -475846092725 942190826761 7862571976377
23 8 5 5 11995800161 443949577017 -2491952973014 -493286563114 957302241751 7863767865469
23 9 5 5 10920615104 453993650558 -2521856378603 -509552227155 968386461361 7870806140183
24 0 5 5 21150372710 360024219625 -2243850710824 -344358661986 804790782735 7774010470191
24 1 5 5 20117697593 370088994634 -2272604885898 -364031175474 829914929730 7779484326132
24 2 5 5 19087534357 380161417042 -2301781159043 -383081516259 851552835985 7785682261508
24 3 5 5 18034600471 390221285336 -2331356775892 -400843484717 866305884867 7799703576420
24 4 5 5 16986654540 400280403841 -2360749332860 -419005721601 885248860281 7805370081821
24 5 5 5 15923569737 410326502725 -2390126482929 -437137491730 902526902255 7808568990087
24 6 5 5 14846457449 420363120733 -2419649954306 -454011569079 917425351112 7820163208455
24 7 5 5 13755801817 430382022727 -2448964046613 -471910789297 934636791035 7819128607459
24 8 5 5 12645527647 440385213247 -2478426495696 -489249184317 949283406178 7820183346540
25 0 5 5 22301463032 356960062011 -2231066273911 -341203666474 796814906592 7731510343251
25 1 5 5 21212575283 366968408104 -2259729732560 -360769193311 822219067861 7736886550757
25 2 5 5 20115527890 376976013643 -2288907413396 -379534653412 842488023662 7744367264213
25 3 5 5 19005701102 386979820355 -2318460618391 -397120137529 856752501362 7758402705554
25 4 5 5 17897125876 396976263358 -2347604307908 -415409340790 877205476313 7762431834616
25 5 5 5 16771500116 406962871093 -2377109755403 -433000940564 892583841781 7768610168075
25 6 5 5 15636136752 416938132322 -2406331221244 -450198604016 909643266961 7776973756531
25 7 5 5 14485404999 426898818907 -2435654452801 -467758705975 925705256077 7777428596593
26 0 5 5 23465473491 353911491841 -2218546815255 -337818988234 786934868077 7690562071642
26 1 5 5 22323300332 363863497225 -2246910061447 -357515723418 814652060140 7694412210077
26 2 5 5 21158857352 373809056481 -2276396412595 -375673415174 831249341126 7704753968084
26 3 5 5 19989955278 383754039869 -2305884108418 -393099003669 845472144655 7718752558174
26 4 5 5 18826761552 393694090837 -2334838523823 -411468840449 867263314073 7721219333417
26 5 5 5 17644263282 403620611234 -2363937203962 -429310062878 884963919461 7725664197975
26 6 5 5 16448980801 413536247961 -2393067286320 -446392550689 901902828287 7733902167609
27 0 5 5 24650640242 350885507322 -2206170666767 -334291193886 776054459129 7651050692610
27 1 5 5 23446809520 360774349278 -2234338504385 -354033255042 804931016697 7653508782767
27 2 5 5 22229673085 370667181709 -2263722440765 -372084448352 821661492553 7663765904785
27 3 5 5 21002939896 380550159400 -2292936434733 -389630944123 839103054322 7676170145370
27 4 5 5 19774919775 390428662367 -2321901853633 -407687590069 858584699200 7680008388428
27 5 5 5 18535128065 400297091639 -2350898227621 -425427313115 877024952478 7684339518076
28 0 5 5 25859455218 347877740782 -2193543912835 -331171413432 769110231453 7608917188410
28 1 5 5 24595586346 357708981146 -2221731813734 -350624004654 796327013076 7612637694141
28 2 5 5 23315620672 367539341659 -2251005472363 -368571661443 812875168478 7622788855704
28 3 5 5 22033601905 377365314933 -2280040031799 -386173778244 831636180244 7633708518237
28 4 5 5 20742374266 387183796979 -2309185420288 -403812815895 848986156785 7639006955036
29 0 5 5 27084616460 344887249662 -2180968896065 -328057349321 761416965195 7566907298058
29 1 5 5 25760111769 354659929675 -2209301221459 -347135699324 787347613834 7571989353158
29 2 5 5 24421190927 364429635136 -2238252863475 -365238006019 805101027241 7580563569994
29 3 5 5 23081665806 374197821024 -2267194261132 -382724146773 824202840203 7591367325842
30 0 5 5 28325859658 341912750550 -2168450230895 -324950845636 753788097652 7525020576648
30 1 5 5 26940530511 351628197490 -2196993683710 -343604152268 777270683056 7531491365987
30 2 5 5 25550619181 361344601829 -2225640332322 -361736591862 796842469395 7539808966105
31 0 5 5 29592285193 338963343040 -2155984611075 -321855489413 746220669321 7483256997188
31 1 5 5 28145085123 348619241250 -2184591902369 -340183846518 768170450268 7491015082687
