0 0 6 6 31294491070 6998590736130 -38305472032463 -8962798632166 23361772611441 131824902922151
0 1 6 6 34659751500 7091108068591 -38548193318309 -9144757979352 23488619546052 131886069330779
1 0 6 6 37061893647 6970322774974 -38196724723909 -8932679813577 23275362862950 131471469651198
1 1 6 6 40158077747 7062571082875 -38439029401620 -9114228077752 23402226604730 131532307809212
0 2 6 6 38184738575 7183736364591 -38777847289812 -9337926327956 23773705681004 131880423771586
0 3 6 6 41572020450 7276273230465 -39017265610293 -9520002220566 23926385024452 131937725874854
1 2 6 6 43386869927 7154903289655 -38668257611917 -9307028144207 23704190112823 131526463047271
1 3 6 6 46535938971 7247202031303 -38907256850796 -9488637860960 23848055210524 131583440742060
0 2 6 5 274686139 7415248679807 -41144760359912 -8314072722876 19638742613699 138202071017068
1 2 6 5 5061401538 7385799494699 -41033160027239 -8281295240017 19539345240423 137863595630347
0 3 6 5 7202349987 7600461041245 -41632976994148 -8672879142656 20022257575029 138245124111523
1 3 6 5 11511234045 7570501873934 -41519075617063 -8641998895803 19941285665533 137881876653081
0 4 6 5 14062738819 7785623924961 -42118472725749 -9027876397077 20365982054903 138300510458243
1 4 6 5 17835137626 7755162965989 -42006703225419 -8992238222876 20256531923847 137962638908003
0 5 5 5 6059125376 7955209721026 -43543125899633 -8534726151454 18139603864473 141628717829684
0 6 5 5 12602583547 8139886282753 -44047930328831 -8864699597995 18396635178662 141701065933097
0 7 5 5 18951121261 8324354444300 -44551125557629 -9192365620760 18661572095933 141760322835016
0 8 5 5 24454761968 8508632312524 -45059648444414 -9503913579817 18840434161044 141896850117320
0 9 5 5 29402152632 8692606225350 -45560538904322 -9831371599908 19106450920446 141853069198826
0 10 5 5 33800753045 8876176022812 -46072184363095 -10138138733987 19268338039002 141914273191444
0 11 5 5 37472061171 9058998104754 -46578331664691 -10444257837586 19453365086934 141964636755199
0 12 5 5 41107412773 9241663035137 -47089153952549 -10752652465915 19581955834265 141913369304914
0 13 5 5 44732049692 9424249515675 -47595788788554 -11065677646433 19785384535061 141812101175977
0 14 5 5 48047431655 9606723193715 -48111453675144 -11352163823323 19837546799394 141858964962642
0 15 5 5 51499221632 9789066627792 -48623706344016 -11660172264405 19928864915037 141695919386720
0 16 5 5 54671316441 9971239093558 -49142370076173 -11950835279990 20004584807608 141613444232509
0 17 5 5 57711274681 10153253814640 -49656327013190 -12242745532272 20032606388485 141515189382565
0 18 5 5 60769066366 10335045441620 -50171229063133 -12554633557885 20055212681628 141223247379609
0 19 5 5 63386955986 10516600602095 -50694001909533 -12837749687985 20058694104670 141086183030470
0 20 5 5 65780988836 10697863673567 -51215475018517 -13126425049595 19978301414180 140895832630795
0 21 5 5 68079935693 10878817973942 -51738988036219 -13433371371642 19901721859265 140532494240364
0 22 5 5 69819572694 11059419434368 -52264206677536 -13712956259823 19827686371276 140332626151189
0 23 5 5 71419686571 11239619089908 -52793018260594 -14021233468280 19630899954885 139919339710383
0 24 5 5 72605686477 11419315337110 -53321308656159 -14336572611080 19552489372600 139435138964783
0 25 5 5 73092155895 11598479686424 -53853535639773 -14631007441268 19267001835182 139081107709552
0 26 5 5 73300428139 11777026417795 -54386709775408 -14964731101667 18962376127129 138454592688937
0 27 5 5 72756147015 11954880525608 -54922098258715 -15288109046669 18736155427090 137873807166878
0 28 5 5 71546139448 12131975165521 -55459408662984 -15623688256644 18303746908832 137216106558740
0 29 5 5 69758469382 12308231795990 -55999578058158 -15989700163174 17903229048081 136347269403527
0 30 5 5 66757283671 12483437964493 -56540146629960 -16332194288863 17510671855758 135608476016193
0 31 5 5 63105593075 12657502359235 -57083877703621 -16738966611763 16993406369812 134473505025723
2 0 6 6 42961361876 6942171015757 -38083462045526 -8907357429880 23227863534374 131097450875498
2 1 6 6 45750348726 7034112678925 -38326464541308 -9087441097905 23351873585726 131157708464589
3 0 6 5 4511166460 6959923818132 -39831725809768 -7510199167128 18698182549020 136879178300146
2 1 6 5 4204064300 7172324720704 -40435368649036 -7892535189145 19090531682289 137406008147820
3 1 6 5 9679825374 7143534202135 -40323460487870 -7863422446181 19010603299275 137045061823030
2 2 6 5 10008288996 7356479185369 -40920226972015 -8251338697444 19466261454791 137501493689593
3 2 6 5 14959889008 7327164208025 -40807499007449 -8221424137421 19386312346925 137139908285531
1 3 5 5 1498383923 7525737434981 -42306198515787 -7805294120933 17432511373553 140631534021957
1 4 5 5 7099395491 7709615557295 -42813385588986 -8133599548455 17666298618728 140817419858235
1 5 5 5 12659990965 7893382148778 -43314841248692 -8463506350249 17948453441187 140948015279856
1 6 5 5 18269956194 8077047259552 -43813683291142 -8799250952402 18246200240888 140963768130093
1 7 5 5 23511535766 8260489407261 -44320071899402 -9117012487993 18464014139096 141077875987813
1 8 5 5 28366774554 8443695914627 -44825393669102 -9430189694165 18672441194546 141185644026989
1 9 5 5 32241043407 8626592454780 -45324099603254 -9756292362862 18931670225448 141140646944619
1 10 5 5 35611268003 8809089470257 -45832427123804 -10065583414312 19118728069074 141169643941555
1 11 5 5 38249763406 8990874455041 -46337206877989 -10369932281646 19296972202853 141217947504265
1 12 5 5 40835285851 9172528346302 -46849250513583 -10671565756790 19405914219346 141196490734315
1 13 5 5 43427526355 9354078531079 -47354351510213 -10982878345827 19611414201126 141093636968021
1 14 5 5 45705986067 9535509883945 -47867589929746 -11268122870355 19667383742249 141138604884204
1 15 5 5 48176634003 9716824663160 -48377691635395 -11579209378831 19775313925304 140939700013915
1 16 5 5 50284955187 9897971520400 -48895476114996 -11863795832276 19836412962299 140888636191091
1 17 5 5 52298216007 10078957917596 -49410138372711 -12152869308231 19854764297513 140788374847287
1 18 5 5 54266936194 10259703077821 -49925647739676 -12457252827504 19862969667099 140529909322780
1 19 5 5 55811421462 10440225078940 -50445961454730 -12734103374637 19868908412961 140427500101588
1 20 5 5 57284047131 10620470301178 -50966530728520 -13031571967310 19789265417287 140160899894310
1 21 5 5 58511138588 10800394781119 -51487469919989 -13331857839476 19751918756701 139833763303234
1 22 5 5 59214841439 10979954749329 -52011305034410 -13610680197741 19638571812601 139630832287462
1 23 5 5 59841215937 11159078113522 -52538395765339 -13929705662620 19451060290871 139137225124240
1 24 5 5 59877758668 11337719835504 -53066554037005 -14231300856550 19353937574470 138729102067028
1 25 5 5 59407997894 11515820789309 -53597128683285 -14538262063756 19068714622026 138290990895875
1 26 5 5 58577024811 11693321875857 -54129459427618 -14871205195491 18771284440557 137660199669798
1 27 5 5 56882013956 11870122425428 -54663967635786 -15180816491816 18525710557115 137158031613520
1 28 5 5 54705263209 12046139910863 -55200456582543 -15529395259085 18100416186339 136412823425256
1 29 5 5 51775421574 12221298992969 -55737533015205 -15887402382335 17814936717970 135582777797159
1 30 5 5 47733567471 12395405728973 -56279273085362 -16237143164852 17294502494339 134795801624214
1 31 5 5 42969383321 12568350207710 -56821986894179 -16643458755132 16783704365001 133655909938235
4 0 6 5 10595967035 6931743236295 -39720881604972 -7482004464599 18618346832020 136519408779352
5 0 6 5 16861672868 6903744169582 -39610236190176 -7453874636680 18538781980945 136160159588351
2 1 5 5 882165258 7100525357053 -41105796102870 -7028593942001 16407901391426 139839630329444
2 2 5 5 5653783894 7283367148612 -41592540815614 -7386986427106 16843273020608 139890052965397
2 3 5 5 10566890345 7466338522355 -42080139575295 -7741764416786 17249525680530 139927336601339
2 4 5 5 15156902619 7649168157798 -42582905733061 -8072091918808 17524142365829 140085254450310
2 5 5 5 19685615487 7831903340471 -43082832749048 -8400079556061 17794748071309 140214309743662
2 6 5 5 24243493542 8014516632753 -43580342297165 -8734022780957 18102229566535 140228476162819
2 7 5 5 28442774464 8196916551687 -44085246851957 -9049975115618 18310097879635 140340830718771
2 8 5 5 32403702302 8379076015072 -44589172447112 -9361211672868 18523033547246 140446787527214
2 9 5 5 35461404549 8560923533252 -45086641959169 -9685634745823 18778081095504 140399945974013
2 10 5 5 37772743796 8742395445423 -45594324744541 -9989584709358 18961910773028 140456613340642
2 11 5 5 39368891087 8923137541317 -46099063280865 -10291139894230 19127212354219 140504525498644
2 12 5 5 40968146874 9103759089616 -46607880883537 -10595720378632 19254047506953 140449433719039
2 13 5 5 42449132563 9284276618963 -47113651904277 -10896638303988 19439463840456 140408789436904
2 14 5 5 43765924835 9464703325846 -47626739973443 -11183347064506 19486227356938 140419524867944
2 15 5 5 45204101758 9644979254781 -48133343819969 -11493845541530 19613099219962 140219014443591
2 16 5 5 46301382184 9825109703308 -48649494795367 -11777021364078 19671595077575 140165289761143
2 17 5 5 47306900668 10005040546727 -49162640108887 -12069167844857 19690938487786 140028296208506
2 18 5 5 48141545749 10184786296610 -49682740771925 -12354385911724 19659927047577 139872971199245
2 19 5 5 48736759587 10364258515171 -50196291234552 -12642534864828 19703008504068 139696916327712
2 20 5 5 49242771899 10543487097497 -50715898695075 -12943632172180 19613097973016 139391256690489
2 21 5 5 49451289078 10722387281765 -51235737954143 -13242611550401 19620495076444 139060642914769
2 22 5 5 49055396291 10900891808468 -51760065341106 -13513920921341 19450270054902 138892542932863
2 23 5 5 48640553752 11078967551652 -52284973838756 -13832188032980 19266089916863 138395994825541
2 24 5 5 47644785880 11256571015097 -52812194437509 -14133336867717 19165074972713 137984051092503
2 25 5 5 46118321436 11433611336104 -53342743448226 -14438811296985 18871680973324 137542822255295
2 26 5 5 44220366915 11610038814168 -53873268063597 -14771288804188 18577915717428 136908535520525
2 27 5 5 41428762288 11785788763778 -54407049661334 -15073452027636 18326888566974 136443889123798
2 28 5 5 38262774069 11960759347555 -54942534148019 -15428176776029 17892428663905 135653554046636
2 29 5 5 34216508647 12134795652995 -55478752371469 -15785672469183 17593514187445 134819284325082
2 30 5 5 29131901774 12307798340281 -56019459762102 -16142636946291 17068746829286 133984304073135
3 0 5 5 8940915017 6861775625339 -40378574973667 -6633248837629 15958020933960 138894875755201
3 1 5 5 12381088994 7043551121889 -40881960627103 -6970289178294 16241275992381 139136065967309
3 2 5 5 16242285425 7225452317772 -41366016808450 -7329172349338 16690624148246 139162840511716
3 3 5 5 20031657250 7407300461866 -41852133299589 -7682205992686 17099630011955 139198783783150
3 4 5 5 23519554736 7589102452835 -42358068039590 -8003532463648 17328471165952 139407276851506
3 5 5 5 27064806486 7770819417918 -42854054122014 -8333077912114 17618851165206 139510084779195
3 6 5 5 30561189422 7952370747753 -43349202514841 -8665708676516 17934853405542 139522564875478
3 7 5 5 33704828000 8133717124975 -43853047512503 -8979367538200 18143608362841 139634306464794
3 8 5 5 36553724888 8314807269820 -44357516624036 -9284483906249 18339242465053 139768313011000
3 9 5 5 39001444528 8495660016461 -44855896248017 -9605652278274 18574491882918 139721113790219
3 10 5 5 40227429901 8676041468850 -45360280788051 -9908589032633 18772799479565 139776994675823
3 11 5 5 40855031856 8855769789572 -45861033428998 -10212988324201 18960370372139 139792708860903
3 12 5 5 41426158314 9035359005061 -46368379454592 -10515954365828 19091537683198 139735725872387
3 13 5 5 41937352028 9214861620276 -46871867249116 -10819495493482 19283112292618 139661267090853
3 14 5 5 42229647509 9394259073893 -47383700853165 -11104501728800 19333982022150 139669451808141
3 15 5 5 42572113906 9573524645363 -47894718380911 -11401882513426 19417698987256 139532810151092
3 16 5 5 42644951402 9752624169727 -48407627976127 -11684443353813 19486103060407 139477141861880
3 17 5 5 42628750583 9931530455507 -48918403023438 -11974902374566 19512068616676 139340247906837
3 18 5 5 42531742236 10110248583968 -49435139151040 -12269444623081 19520237822116 139111513037138
3 19 5 5 42058169514 10288738648741 -49949814981714 -12544985524865 19518742567134 139003639016145
3 20 5 5 41541784778 10466894611387 -50466765196390 -12850151709593 19440765136737 138660458518886
3 21 5 5 40652494400 10644740113242 -50986778547447 -13141498530113 19435163570734 138364170767176
3 22 5 5 39311840494 10822198133240 -51508480685766 -13424169332308 19266540923640 138117299563757
3 23 5 5 37866003880 10999236716592 -52032374065296 -13741389401590 19088015810267 137616833968349
3 24 5 5 35782717470 11175797849811 -52560198879095 -14034957016003 18964977031178 137240436671288
3 25 5 5 33227446264 11351802837894 -53088503912223 -14340169073738 18676631238665 136796230881761
3 26 5 5 30244114165 11527191128105 -53618656713719 -14664619897628 18395873277572 136199267740583
3 27 5 5 26478496712 11701907829767 -54150946260632 -14974065020392 18116999915364 135688725297688
3 28 5 5 22259941559 11875767848286 -54685626489870 -15334861372059 17687446958083 134852795819398
3 29 5 5 17077816039 12048715086588 -55221026507762 -15684545408955 17379650368728 134056778669906
4 0 5 5 21753202475 6806085899488 -40156205164425 -6579060138386 15806415193362 138172343929455
4 1 5 5 24206053203 6986834965134 -40652178929001 -6920139268570 16142778985043 138386286807001
4 2 5 5 26993261057 7167736873209 -41142093872903 -7268647088415 16519353658815 138462446615135
4 3 5 5 29782988227 7348586170195 -41626398016708 -7620001097207 16930803282743 138497348289199
4 4 5 5 32285408106 7529406175410 -42131882993383 -7938595419305 17156735574124 138705902692621
4 5 5 5 34786676272 7710041332205 -42623875042628 -8270054672095 17477536652428 138780364660901
4 6 5 5 37220985244 7890571196281 -43120421741095 -8596677161943 17767237131062 138819323046165
4 7 5 5 39252877882 8070887019000 -43628082985513 -8899898487882 17922150779421 138985580249531
4 8 5 5 41212596245 8250966401581 -44123058085959 -9216003737715 18191883594447 139033308685816
4 9 5 5 42902168515 8430716519393 -44621331270394 -9531760670023 18417225701560 139013569444529
4 10 5 5 43112288499 8610077323473 -45123922192691 -9833111177007 18612713230844 139067417612103
4 11 5 5 42752413633 8788776285926 -45622656026838 -10139227339872 18809399067363 139051645445327
4 12 5 5 42299159805 8967336854604 -46128862160514 -10440606727961 18939248784404 138992389128546
4 13 5 5 41712504506 9145820944262 -46634367196340 -10733076501082 19101424329987 138979371870681
4 14 5 5 41076547954 9324201405964 -47141573895256 -11025830599275 19179156507386 138921191586702
4 15 5 5 40347295783 9502433159441 -47652203883175 -11317042507194 19258868961605 138815257930019
4 16 5 5 39412208541 9680521526979 -48164269702063 -11597652734358 19315111020586 138757847747654
4 17 5 5 38449962101 9858432252866 -48672808252077 -11891625802354 19349836801692 138583578871544
4 18 5 5 37281676772 10036118710799 -49188914302180 -12179613795193 19393306586676 138387159242733
4 19 5 5 35766294424 10213560766100 -49702056346133 -12454080628670 19350500152686 138275859131352
4 20 5 5 34184882876 10390698218629 -50221199711928 -12750116679815 19249383089128 137967698838873
4 21 5 5 32314723071 10567510015445 -50739288718235 -13046224909793 19244602531954 137631066942314
4 22 5 5 29910526585 10743948194798 -51260361044425 -13321670035623 19074196063475 137419787099811
4 23 5 5 27375094496 10919942043251 -51783489348371 -13631094757092 18892849343669 136955975041095
4 24 5 5 24296771123 11095452387528 -52308378001241 -13931205933464 18773890521934 136537912321142
4 25 5 5 20808790049 11270418436134 -52835131040028 -14248812666290 18486821062465 136010274838282
4 26 5 5 16805820082 11444780358480 -53364275925023 -14572609299924 18226246997818 135408935616262
4 27 5 5 11949477267 11618399905675 -53895886855651 -14881761766170 17914714319258 134893928505989
4 28 5 5 6619423406 11791194666707 -54429771980893 -15234605381230 17486222443439 134095787107815
5 0 5 5 34926560598 6750759584726 -39934736555011 -6525067071055 15655882161697 137451880075232
5 1 5 5 36450300196 6930613961646 -40430909001865 -6861438904735 15970180674681 137688653578728
5 2 5 5 38149906891 7110394669246 -40917336786076 -7211309808149 16368933334763 137739297018172
5 3 5 5 39846574997 7290228696964 -41407894116189 -7551776984706 16715956164416 137825543697527
5 4 5 5 41322252155 7469979230395 -41905083452567 -7874958563467 16994101451743 138004502105845
5 5 5 5 42857311613 7649614302676 -42394580918669 -8207201816440 17329608267016 138052647429513
5 6 5 5 44203250338 7829096720243 -42893110064893 -8527449635888 17586742532609 138117970135665
5 7 5 5 45211526322 8008385714596 -43396864209188 -8830341133135 17761829504773 138281328139588
5 8 5 5 46160284894 8187416535051 -43889520362587 -9147733576236 18051713600489 138300261902144
5 9 5 5 46879782971 8366171536922 -44386614152283 -9461759086079 18270943694073 138278582259262
5 10 5 5 46382057265 8544464036665 -44887773045400 -9761381104190 18464609967087 138330389820298
5 11 5 5 45005013043 8722141538800 -45385222189823 -10065667027320 18664145434206 138312469573990
5 12 5 5 43548379532 8899694358575 -45890245758911 -10365469731243 18794653171146 138250900446335
5 13 5 5 41910947735 9077162795925 -46394974711158 -10652324003602 18946935054953 138266758623675
5 14 5 5 40208198919 9254518323652 -46903849963165 -10937184229565 18998809234136 138240396418367
5 15 5 5 38568982868 9431748938046 -47409928832035 -11237138597642 19133960789992 138066073718566
5 16 5 5 36505329715 9608832324639 -47923022187777 -11501732110161 19137971263074 138106503970744
5 17 5 5 34650353869 9785716620104 -48428227250835 -11808572435957 19192379680016 137828607769950
5 18 5 5 32416828194 9962378668427 -48944450505302 -12089552603754 19218223082107 137664735525419
5 19 5 5 29861567428 10138775841544 -49456119645681 -12362695715155 19179678133041 137550905304360
5 20 5 5 27263830641 10314891554362 -49973909739786 -12657237941418 19072137025776 137239766706060
5 21 5 5 24317531120 10490669658263 -50491449706648 -12946215901503 19063121771662 136937641290031
5 22 5 5 20982249829 10666076008282 -51010739315989 -13232715536510 18891768377518 136647548540891
5 23 5 5 17425986308 10841042792403 -51532864167607 -13541206489581 18719461545285 136179753614651
5 24 5 5 13234438915 11015531197651 -52056964969321 -13828675368317 18581274001527 135835506738141
5 25 5 5 8713303516 11189462224004 -52583719317276 -14143893439545 18292793779231 135306373604824
5 26 5 5 3708820374 11362764763056 -53110808637669 -14474301476500 18106283870067 134660793851661
10 27 6 5 23412404012 11556037613827 -52481303416081 -15851088966793 20299841908621 130555622540201
6 0 5 5 48433668150 6695769300999 -39714143028591 -6471329922415 15514491034497 136733497424997
6 1 5 5 48920573766 6874587267946 -40208639733951 -6805903748868 15821298831076 136968812128279
6 2 5 5 49600951799 7053306906077 -40686781832774 -7160646193071 16272371690198 136990854463358
6 3 5 5 50297511952 7232183479076 -41182533395891 -7492850578003 16566087259711 137102960937301
6 4 5 5 50740162618 7410901247333 -41678124601781 -7814240747849 16855462211705 137280336992217
6 5 5 5 51291423892 7589552964768 -42166187999668 -8144577227723 17181299260623 137326930213239
6 6 5 5 51574498852 7768010376537 -42664585802192 -8459744064415 17427646929770 137417458309118
6 7 5 5 51567666066 7946246410269 -43165657402121 -8764133805997 17618884644949 137552033077614
6 8 5 5 51496616759 8124257564272 -43656961011997 -9079601150488 17902309088880 137569154882911
6 9 5 5 51112130819 8301951725561 -44156590429022 -9386703933952 18100818665363 137575067261632
6 10 5 5 49985306545 8479224942110 -44653236605214 -9686348568389 18311796429111 137624318715385
6 11 5 5 47617697768 8655870417050 -45148754094297 -9992341409776 18515364124920 137575160010777
6 12 5 5 45082628713 8832421862230 -45655015350595 -10281727052822 18645152865926 137574001955792
6 13 5 5 42431491784 9008874119767 -46160391215129 -10565860742982 18762069335163 137587233476026
6 14 5 5 39780619942 9185236308812 -46665383584962 -10853851968115 18828856195649 137528581627902
6 15 5 5 37089812533 9361456737679 -47173557262811 -11146110544664 18959144389331 137385288784198
6 16 5 5 34049095974 9537509694476 -47680590279608 -11416169609798 18978065293907 137389086263847
6 17 5 5 31170815305 9713368918194 -48185417632599 -11720579270628 19024386650855 137110154232982
6 18 5 5 27908749136 9888996894889 -48700096899759 -12000310078786 19050253683622 136943401068285
6 19 5 5 24302315063 10064387667558 -49214758704419 -12264637341851 18982070854122 136862396470662
6 20 5 5 20794349834 10239492935641 -49727162773242 -12570444245969 18906775297028 136476470863716
6 21 5 5 16781848137 10414245330015 -50243683147686 -12852821357240 18891806938867 136207759159316
6 22 5 5 12414253495 10588616304878 -50763305009615 -13137531892821 18707274698371 135914884712247
6 23 5 5 7830573860 10762548862614 -51283258702072 -13445554619680 18551803176887 135443812729254
6 24 5 5 2627496293 10936019331453 -51806572578035 -13732769865932 18388720730393 135095227790815
12 25 6 5 21307354815 11129023746829 -51197645900057 -15102581276275 20656850778963 130931880952247
13 25 6 5 15478784796 11088849174718 -51073345339566 -15050492188208 20561971836842 130583863320597
12 26 6 5 15752077460 11301517813929 -51712043689058 -15430781854226 20488810723185 130350049434764
7 0 5 5 62262221824 6641133784788 -39495791203316 -6415414520595 15347971573322 136039593636058
7 1 5 5 61732043150 6818904018389 -39987227150365 -6750621235543 15673414207035 136251021982835
7 2 5 5 61534066022 6996745909416 -40463812669922 -7103647620270 16130940854832 136271834703925
7 3 5 5 61060247746 7174488707072 -40960129273423 -7430683332719 16406841978848 136408054975397
7 4 5 5 60507925677 7352209332544 -41453015791334 -7751036091255 16695520124182 136582657578158
7 5 5 5 59993985353 7529799673259 -41940234096329 -8078828924112 17021123206109 136629767054192
7 6 5 5 59290693569 7707233358243 -42435714827070 -8395555770945 17283350115780 136691967128567
7 7 5 5 58253053695 7884475802354 -42936134428192 -8695036407464 17465093521853 136851406764823
7 8 5 5 57142588597 8061450722939 -43426678452909 -9007966610086 17743435997324 136868537326359
7 9 5 5 55716388781 8238145380276 -43926582802616 -9309215192884 17926794644042 136902363443458
7 10 5 5 53780647828 8414352708389 -44422485739637 -9606579861601 18134121133302 136950075177982
7 11 5 5 50496876605 8589994485693 -44921555565796 -9904123118120 18302331589063 136931537905585
7 12 5 5 47076016023 8765530486496 -45418298467956 -10207124275398 18498444900022 136836175924096
7 13 5 5 43350255566 8940984053987 -45923972072176 -10480985745039 18593399945947 136909856490603
7 14 5 5 39752079582 9116313420087 -46426117437722 -10775889492503 18678260019229 136785636603465
7 15 5 5 36003569352 9291513392470 -46933759412147 -11062052491280 18799654360182 136672672532434
7 16 5 5 31995883901 9466552118850 -47438922403395 -11335324495097 18823491087378 136640530817967
7 17 5 5 28024747863 9641406228372 -47949161671299 -11625405841836 18824884561781 136426379810928
7 18 5 5 23857776862 9816031114778 -48456350106034 -11916480751721 18888012700691 136188569114421
7 19 5 5 19226752433 9990391814617 -48969973456875 -12179535914012 18818700622623 136104216990063
7 20 5 5 14648052637 10164466890042 -49481750992083 -12478259421051 18737720321231 135751351444020
7 21 5 5 9629315626 10338206993594 -49996919428637 -12759868436991 18717078412796 135479147269977
7 22 5 5 4251357196 10511563984629 -50516085826136 -13043143126321 18531233731818 135183832256252
14 23 6 5 21288556580 10703962137147 -49926105129809 -14366101001833 20986754346966 131194886076363
15 23 6 5 16761759780 10665047539895 -49803231077830 -14321273210308 20890683363642 130812716501609
14 24 6 5 15741397555 10876679048705 -50437190969708 -14671871979464 20735196561891 130786491436127
15 24 6 5 10625828226 10837219374157 -50313794692529 -14621077581686 20637195555315 130439539159511
14 25 6 5 9743371825 11048768352657 -50949885482755 -14998180893765 20466336822925 130235899736296
8 0 5 5 76440342903 6586819187449 -39276847637426 -6362063606789 15208324715349 135325335507758
8 1 5 5 74853985980 6763533556024 -39766691060984 -6695560841350 15526602687819 135535304954491
8 2 5 5 73620821175 6940340898207 -40241759895433 -7046805590279 15983516712186 135554847105119
8 3 5 5 72163700976 7117134915903 -40737836971507 -7369226469193 16255448413218 135714070112719
8 4 5 5 70566086889 7293846498138 -41230602301551 -7684588583255 16523493416987 135912681096253
8 5 5 5 69044481809 7470399868933 -41718160977502 -8011287651195 16836886139125 135935252676299
8 6 5 5 67316334200 7646807233888 -42209778810309 -8327694928233 17115740226487 135995961817034
8 7 5 5 65228592285 7822997133809 -42707441733611 -8626183145985 17312555774395 136152455315442
8 8 5 5 63168256958 7998985280894 -43195873278348 -8940329466002 17600054295564 136141279377896
8 9 5 5 60687497022 8174624951673 -43694528021314 -9239871486286 17788564590095 136173057782630
8 10 5 5 57661972476 8349824787586 -44191169714985 -9527848728780 17966217830134 136277215205102
8 11 5 5 53828601247 8524449154373 -44686851498318 -9831270682175 18151798818850 136197864724187
8 12 5 5 49410670525 8698983836515 -45182527432353 -10132636190302 18352247296559 136100170893983
8 13 5 5 44558281343 8873430839438 -45692507873287 -10390250794557 18396016958408 136265595949196
8 14 5 5 39994424258 9047751524755 -46192969134457 -10687175371889 18488541355969 136108660421176
8 15 5 5 35256540663 9221958934398 -46699038645304 -10971640213021 18609610965846 135994717313617
8 16 5 5 30228959099 9395973139038 -47201665872378 -11243674673579 18640495351227 135961410862488
8 17 5 5 25200167669 9569810126467 -47711646582381 -11526513662316 18638264777828 135779945051906
8 18 5 5 20084120584 9743435975442 -48215602521182 -11821823805588 18709786539698 135505397773399
8 19 5 5 14502734656 9916796748057 -48726910658668 -12089021361992 18647533193313 135383708283047
8 20 5 5 8898214995 10089841456251 -49238054235328 -12385952873663 18564939111495 135027838802319
8 21 5 5 2780763362 10262571443495 -49753394001306 -12654626396944 18530506886045 134826341950123
16 22 6 5 18259568711 10454048371027 -49174707215522 -13951935573663 20850960565806 130960138142276
17 22 6 5 14413737082 10415818678052 -49052668142663 -13907673964976 20765727018613 130580702361878
16 23 6 5 12324859307 10626223430591 -49680596862560 -14276560887509 20799606326030 130430900305378
17 23 6 5 7969487090 10587481445638 -49558211175997 -14231969523673 20705661652031 130049436720109
16 24 6 5 5606835823 10797856602249 -50190648561695 -14570471475779 20549770838108 130092722382494
9 0 5 5 90944864636 6532794754454 -39052980133318 -6314606848816 15107915705183 134587982488722
9 1 5 5 88389657042 6708579253959 -39546999351603 -6640607797319 15380859806646 134821640929029
9 2 5 5 86082619627 6884313259302 -40020574907670 -6990127876345 15837097297852 134839887025884
9 3 5 5 83568647406 7060050616553 -40515129317816 -7310785706153 16114508538744 134997500247388
9 4 5 5 80949319199 7235740741835 -41006304665183 -7624312196714 16377787352892 135194481340515
9 5 5 5 78468705403 7411335469015 -41492456943851 -7949108179621 16699831918057 135215441915479
9 6 5 5 75714607527 7586716861712 -41982779924451 -8263775792911 16978176945947 135274393800838
9 7 5 5 72565611111 7761921520465 -42481394302604 -8553676194485 17145470242248 135483110149555
9 8 5 5 69523306381 7936851498798 -42966010750659 -8872796058624 17453539491477 135415948276658
9 9 5 5 66046257329 8111494407916 -43463433352566 -9170648118797 17644686217516 135445658684433
9 10 5 5 61941464858 8285654089940 -43959198726877 -9453505026527 17813243084099 135575987001219
9 11 5 5 57433650375 8459263070847 -44457620867468 -9748922697569 17966590667059 135527456752644
9 12 5 5 52033436883 8632810133222 -44950731724876 -10049214436759 18179956324634 135428058401182
9 13 5 5 46254330494 8806244020727 -45456218939663 -10314500932469 18244061236056 135528858113956
9 14 5 5 40698655972 8979568110714 -45955548647790 -10609736175713 18340505811835 135369231824689
9 15 5 5 34909016089 9152760440682 -46461020570709 -10888074858193 18450971705031 135285227595641
9 16 5 5 28944618180 9325790985686 -46961857385538 -11163317478118 18485212965877 135216236923269
9 17 5 5 22911459865 9498618430039 -47470879052323 -11444582000714 18483360302059 135031589203939
9 18 5 5 16649719408 9671228647572 -47977466784074 -11721560956440 18519495028867 134858459675994
9 19 5 5 10201764918 9843581939307 -48484113025700 -12004491250865 18485251961670 134628702227051
9 20 5 5 3468379412 10015632953067 -48998720991661 -12281365806956 18379229649001 134377505485838
18 21 6 5 17466178719 10206119578490 -48425610017698 -13568630567011 20841895656945 130523740414583
19 21 6 5 14298587550 10168616179464 -48304612407101 -13519673188431 20752383852260 130182226694326
18 22 6 5 10710433208 10377732113745 -48930867422406 -13863521264195 20673321109357 130201628136968
19 22 6 5 7067491083 10339706531616 -48809339017059 -13819473376988 20588511766883 129822914096719
18 23 6 5 3632994662 10548852498224 -49436598956615 -14175217695364 20606428928957 129742912601679
10 0 5 5 105715139719 6479077165312 -38835829303702 -6261541894598 14962642222473 133877893675519
10 1 5 5 102128683966 6653830656522 -39328195045015 -6585816509634 15236185492737 134110017674607
10 2 5 5 98862303855 6828639688386 -39801840004357 -6930647403821 15673074840947 134151069960628
10 3 5 5 95400503980 7003395467293 -40293306027833 -7252562951889 15974374884336 134282940347169
10 4 5 5 91716313418 7178021052167 -40782908440944 -7564193847093 16235536312797 134478283402808
10 5 5 5 88209798431 7352590111275 -41267626868656 -7887169242850 16554558415486 134497609886479
10 6 5 5 84434731570 7526987717927 -41757812144142 -8196809306152 16819707718193 134581280573709
10 7 5 5 80254121620 7701164392534 -42256876006253 -8483581029205 16990318721043 134789771753214
10 8 5 5 76218667396 7875060234639 -42737102202854 -8805415503168 17307809489103 134692535104211
10 9 5 5 71683003411 8048684294235 -43234260934676 -9097937153864 17491319034953 134748727430660
10 10 5 5 66612550569 8221837401393 -43727594611368 -9382807800351 17670100663652 134848337890354
10 11 5 5 61148637173 8394440913824 -44225869280693 -9672308574999 17811550116979 134827671139041
10 12 5 5 55087929329 8566990033629 -44716724686668 -9975211375203 18033635240577 134695659329843
10 13 5 5 48279666177 8739431033112 -45222065547115 -10234235121699 18087298727715 134825620389482
10 14 5 5 41773180652 8911758391669 -45719097846207 -10532442017777 18191003238181 134631555167418
10 15 5 5 34944767845 9083948109974 -46223874790645 -10804786253863 18291981227219 134577174926067
10 16 5 5 27976682412 9255972853092 -46724701396381 -11077618268270 18319083445419 134506502973114
10 17 5 5 20993853078 9427801119846 -47231059502835 -11362891469640 18329303035953 134284913550570
10 18 5 5 13691022733 9599407896582 -47736704426188 -11633545796316 18358741370687 134142846103358
10 19 5 5 6198655420 9770760515212 -48245034225491 -11908238867822 18298921117030 133946396871059
20 20 6 5 18675886871 9960224419342 -47683297977653 -13183372482622 20793143305960 130108378301969
21 20 6 5 16232120360 9923404625285 -47563191158976 -13140275901758 20714897687470 129734243434845
20 21 6 5 11170235608 10131199230212 -48185552130792 -13464062003311 20649546700674 129877512744689
21 21 6 5 8196030131 10093890169779 -48065006289976 -13415382445563 20564054493696 129536535461606
20 22 6 5 3506241317 10301763242624 -48688054415099 -13775503042406 20496190615718 129444558776457
11 0 5 5 120837234075 6425744111906 -38620891140870 -6206284626582 14801118756575 133191785718622
11 1 5 5 116251148404 6599467792128 -39110245712571 -6531228159719 15092554692900 133400433779676
11 2 5 5 111939246420 6773266991942 -39584671230669 -6870881854226 15508985917119 133464860724228
11 3 5 5 107436968946 6946981012888 -40073616590668 -7191635900587 15820619719203 133594545319719
11 4 5 5 102845109940 7120665529436 -40560364173060 -7504181964228 16096436752552 133764083638062
11 5 5 5 98291539189 7294224388650 -41045216691216 -7822061961722 16404432048261 133807799419782
11 6 5 5 93442659459 7467593311058 -41541244049241 -8122808044703 16606081489407 133918679026487
11 7 5 5 88332500335 7640758326156 -42030150537604 -8418260436159 16846653300331 134070162606820
11 8 5 5 83175042187 7813654883522 -42515972271358 -8725401319221 17106282740660 134056407714265
11 9 5 5 77731810319 7986247994063 -43004968902804 -9029140469828 17350442042827 134025112604005
11 10 5 5 71590760550 8158373091886 -43499115797797 -9307684608535 17511075447952 134152466629709
11 11 5 5 65181178369 8329986946373 -43993959156114 -9600069202525 17664684547944 134099492369499
11 12 5 5 58347598852 8501544199066 -44492997776197 -9881232780478 17814935816711 134088250492357
11 13 5 5 50708082812 8672983312424 -44987600705951 -10158825383736 17942371299364 134092442893575
11 14 5 5 43131965578 8844320074194 -45486092685441 -10445633092931 18018937206892 133960145928912
11 15 5 5 35380291615 9015497646968 -45987156132135 -10726306667594 18138989775936 133838371685000
11 16 5 5 27379365275 9186527575447 -46487753125716 -10992497976203 18156252102533 133798350358311
11 17 5 5 19411979934 9357366216827 -46992748019338 -11276277575042 18170025286696 133574068654025
11 18 5 5 11116668600 9527974337725 -47496864709349 -11545828465934 18196782161027 133428589561529
11 19 5 5 2624464129 9698325071095 -48005515021801 -11818276211681 18126685740414 133230181334932
22 20 6 5 13846868507 9886687782177 -47443405641772 -13091893866111 20627345225332 129395496949841
23 20 6 5 11545847940 9850100338032 -47327325299804 -13036639675188 20515997902695 129091032019095
22 21 6 5 5301441492 10056661070083 -47944704602664 -13366862863375 20473477218177 129195711219184
12 0 5 5 136225203206 6372681425308 -38407573128098 -6150597758504 14633906414852 132508841788256
12 1 5 5 130627234516 6545396205832 -38896332378098 -6472991902953 14918530255900 132717327117520
12 2 5 5 125358743897 6718203934035 -39366056355885 -6814711497213 15366072916480 132755913580804
12 3 5 5 119854481083 6890916175950 -39853488241328 -7133695291619 15683314791792 132883992971371
12 4 5 5 114213694968 7063590160454 -40341853388179 -7440109980151 15925008424964 133078115966950
12 5 5 5 108673161922 7236162129039 -40824412151136 -7756602996038 16244339330560 133120502099922
12 6 5 5 102816209039 7408521450823 -41317975065590 -8056185655053 16458190235008 133228996305468
12 7 5 5 96743867963 7580687480453 -41804274610429 -8353095263946 16712227938963 133352494291011
12 8 5 5 90512988477 7752551832725 -42291626521462 -8653872878595 16939161827853 133365349124762
12 9 5 5 84042501642 7924157842282 -42780006229532 -8952236460210 17177882965142 133360801631702
12 10 5 5 76962352164 8095261060581 -43269323028203 -9237367355052 17372966570548 133428518561395
12 11 5 5 69560043982 8265881365110 -43763003979348 -9528004351135 17520235041463 133373137538392
12 12 5 5 62040072424 8436449823033 -44260796205182 -9807643443649 17672735515323 133359412027698
12 13 5 5 53409192433 8606898537762 -44761148152234 -10071892573864 17744106261880 133423455541505
12 14 5 5 44877156063 8777231510377 -45254557987928 -10363040698435 17851407142801 133257944705550
12 15 5 5 36073022856 8947434802694 -45755017617783 -10632842255999 17955628286117 133199317308129
12 16 5 5 27111068745 9117461901482 -46257508173544 -10900141625372 17959626578466 133123960883154
12 17 5 5 18196338423 9287301816306 -46756147881233 -11189428238534 18004795815031 132864929105763
12 18 5 5 8833695145 9456926340659 -47261923731559 -11446212363300 18010461914561 132784779172131
24 19 6 5 18404269163 9644256366769 -46711119286224 -12695738846860 20414494929114 129067962985877
25 19 6 5 16868072029 9608349271674 -46592480309279 -12653461139325 20330106868016 128697197866539
24 20 6 5 9389978486 9813570309003 -47207932540870 -12993848441852 20429169161793 128718034499492
13 0 5 5 151966676924 6319942020215 -38192948385687 -6098037718409 14492177338554 131804846220600
13 1 5 5 145424067672 6491703259318 -38675243422907 -6422433042917 14802273221512 132008212042358
13 2 5 5 139057072081 6663421956071 -39148355070195 -6758768656835 15229839153042 132048993343042
13 3 5 5 132680246819 6835261843353 -39634297149968 -7075956308456 15540910375318 132175442842030
13 4 5 5 125987497514 7006884129499 -40121093456139 -7380442667413 15789159238038 132367849374581
13 5 5 5 119405806607 7178415038917 -40602307849035 -7695166749154 16111964456740 132408545528155
13 6 5 5 112583396193 7349808701627 -41094511161148 -7992991871666 16315903630937 132515120962402
13 7 5 5 105440877304 7520944624498 -41581686903313 -8283816896888 16549074945437 132664591208036
13 8 5 5 98242407934 7691843044384 -42069344120772 -8581842828116 16770799865927 132676020356901
13 9 5 5 90746518499 7862422370187 -42554246474395 -8879620568124 17025076290156 132669862099376
13 10 5 5 82597323385 8032500539339 -43045912557793 -9157365709314 17192699200708 132765390466017
13 11 5 5 74254197437 8202135545423 -43534001770746 -9452012283863 17365411787157 132678434477842
13 12 5 5 65741034371 8371709902533 -44030225473887 -9730186262282 17520710820686 132662516410377
13 13 5 5 56552961376 8541172801829 -44528500129068 -9996895835787 17597524998996 132693767184498
13 14 5 5 46998762216 8710522015107 -45023259299521 -10280963220904 17694695881368 132557629776446
13 15 5 5 37225494022 8879748299843 -45520571062395 -10550275758939 17800792776753 132495852169843
13 16 5 5 27316175930 9048782206296 -46021450174047 -10820597599012 17806793866074 132385444506690
13 17 5 5 17380581588 9217639022671 -46519680928927 -11103324819830 17847512105522 132157034138137
13 18 5 5 6990235135 9386274650964 -47025386432926 -11353157110307 17839002366494 132108000243082
26 19 6 5 15363335480 9572517783347 -46475191651272 -12605543122040 20241881736508 128361074533285
14 0 5 5 167976824655 6267539603619 -37984954838339 -6038693691994 14295144507921 131148718253705
14 1 5 5 160421362617 6438256375759 -38462414867514 -6364929172650 14635431995699 131328632889459
14 2 5 5 153180721991 6609100740825 -38933082056398 -6700069646278 15088669410994 131367669728451
14 3 5 5 145640118924 6779812403563 -39419302196237 -7012212681193 15363760963342 131517517219470
14 4 5 5 138007019916 6950498930932 -39905476802258 -7313827959153 15611657461834 131710725412085
14 5 5 5 130528392661 7121060076471 -40381069862618 -7633939545197 15972155403374 131698547044773
14 6 5 5 122624400951 7291410289504 -40873870053772 -7926205168167 16160496577485 131830068274750
14 7 5 5 114499740824 7461564588414 -41359299465416 -8215196604552 16392675764100 131978118753645
14 8 5 5 106306891799 7631429226344 -41844013482462 -8515292960471 16632456427214 131960096485440
14 9 5 5 97771748573 7801008164746 -42328566398118 -8807766826117 16873752589511 131979727466127
14 10 5 5 88624033836 7970091323623 -42821396994387 -9082095641535 17026512334649 132074646985635
14 11 5 5 79350813979 8138751658482 -43304911269293 -9380439392436 17225872217384 131955726320238
14 12 5 5 69801847547 8307331444880 -43800512478964 -9652949621357 17372716448363 131967130627295
14 13 5 5 59989446382 8475825443281 -44299832945789 -9912377445545 17427345649309 132028627045461
14 14 5 5 49461170252 8644198201053 -44794920489557 -10193930642749 17518049664471 131890258434703
14 15 5 5 38680527314 8812411217904 -45289643591233 -10462212135473 17629574294670 131826354977256
14 16 5 5 27843475480 8980470639620 -45787165083237 -10736088692548 17650968040417 131681904137626
14 17 5 5 16930475913 9148346903355 -46285605097698 -11016662378467 17705665273178 131450766577240
14 18 5 5 5555352266 9315989006027 -46788175285879 -11266481680083 17683534213614 131397869256733
15 0 5 5 184258848505 6215378691314 -37774843055306 -5983116634637 14126883906744 130472059793125
15 1 5 5 175821202875 6385180053133 -38247901080543 -6311056447304 14503462901935 130627097378539
15 2 5 5 167523715589 6554968050157 -38717056316630 -6644421239966 14948803921576 130664741430968
15 3 5 5 159013708330 6724748195004 -39205749191780 -6950196919158 15195118023729 130838530608109
15 4 5 5 150415823528 6894432366029 -39686446126608 -7254505031977 15472461548667 131004375194450
15 5 5 5 141812327550 7063982294214 -40168549328552 -7560795745689 15765454549657 131069297050071
15 6 5 5 132984009615 7233369632132 -40655835483436 -7856044415874 15988922194331 131172962215418
15 7 5 5 123912208500 7402501379134 -41136158810684 -8150539428780 16259864822622 131266187534540
15 8 5 5 114704543216 7571389849213 -41620892393755 -8445260226578 16485376710313 131273708435403
15 9 5 5 105159827163 7739961832513 -42105987768036 -8734794219341 16707760907647 131292493721976
15 10 5 5 95044596390 7908034467742 -42594325300179 -9012286344589 16889969539934 131356170461987
15 11 5 5 84745607686 8075711538702 -43078580545786 -9304361590453 17072674146253 131264985251273
15 12 5 5 74184378304 8243323752723 -43575998090098 -9569597243487 17191045659763 131304867439025
15 13 5 5 63569726651 8410826022844 -44069043057789 -9837732911737 17283320925955 131302432338884
15 14 5 5 52337335095 8578206631194 -44563100634925 -10117825783582 17380859992241 131161158049406
15 15 5 5 40562825131 8745460320522 -45056924680610 -10380237934513 17477355499914 131125785249881
15 16 5 5 28727781956 8912564561821 -45556881056968 -10645562947884 17476048361415 131013148265628
15 17 5 5 16819844603 9079440464956 -46053614773946 -10924887799878 17560202112413 130779378751771
16 0 5 5 200966859810 6163612511011 -37562748047356 -5931184398524 13988842104612 129774041791543
16 1 5 5 191537466272 6332422456008 -38034235719166 -6257372511851 14365474299904 129927592546033
16 2 5 5 182229532741 6501236020406 -38504880335776 -6585159852669 14787522307112 129988470042545
16 3 5 5 172717153082 6670047200848 -38993013206879 -6886371224937 15019772376964 130184421308076
16 4 5 5 163176611577 6838720040219 -39468295851360 -7195350914347 15334231917954 130299997510226
16 5 5 5 153551879839 7007248666138 -39949077492238 -7499883621932 15629487712317 130363108154855
16 6 5 5 143733825924 7175646039794 -40434948745987 -7793405479175 15856448479351 130464863881976
16 7 5 5 133683176518 7343798878918 -40913876645567 -8086027468563 16125399968408 130556168507430
16 8 5 5 123467066768 7511678318160 -41397432104452 -8379085764542 16355808070702 130561557810584
16 9 5 5 112889950777 7679256196288 -41881960658184 -8663398489594 16559122341659 130605757642145
16 10 5 5 101778901715 7846335018227 -42369523451990 -8938441239425 16740986581439 130668589005014
16 11 5 5 90455270687 8013031317443 -42856646891845 -9223045379805 16898343840360 130605029153052
16 12 5 5 78864492753 8179658155697 -43354758905016 -9481515025821 16995676436558 130673483562070
16 13 5 5 67422048422 8346199210192 -43839197695778 -9763318096996 17140376157730 130577977506602
16 14 5 5 55517396048 8512604287139 -44334401727276 -10032238113003 17228613165922 130497200471611
16 15 5 5 42775780991 8678885082598 -44826180669826 -10293434117413 17318029755123 130459241755280
16 16 5 5 29979707113 8844983713126 -45324541307191 -10561527037280 17319112885802 130312536454484
17 0 5 5 217939572342 6112142776120 -37352791862853 -5877029051840 13843032719433 129099196027545
17 1 5 5 207553117350 6279966578610 -37821433929483 -6203840933017 14228545110262 129230105706649
17 2 5 5 197264824580 6447800065876 -38290676321494 -6529934597097 14656296254829 129289515211609
17 3 5 5 186735260993 6615594115337 -38777240100397 -6829315435969 14886816431639 129483678302122
17 4 5 5 176213327831 6783325122542 -39255769479141 -7131144789086 15163293021603 129623751760602
17 5 5 5 165654093025 6950879877222 -39730500897400 -7439175985444 15500257936590 129658866358070
17 6 5 5 154771281084 7118248035115 -40215977552057 -7727779552850 15711878804625 129784137605584
17 7 5 5 143776971407 7285421354685 -40692480068713 -8021692929731 15991162594554 129848046192119
17 8 5 5 132520177934 7452299733864 -41176880719811 -8308897319913 16202415658509 129879280516461
17 9 5 5 121002965465 7618896579001 -41658036346154 -8595766061927 16425744412528 129893287154756
17 10 5 5 108797883834 7784965991539 -42149152260164 -8859449406217 16561592408831 130012457647641
17 11 5 5 96560796926 7950706059187 -42632780254720 -9147078557803 16738569880018 129917702256026
17 12 5 5 84001037907 8116360410797 -43127585637529 -9405043145703 16852415950837 129982847159942
17 13 5 5 71579072420 8281923472474 -43611322725487 -9684460542676 16986356012257 129886178099654
17 14 5 5 59065701104 8447381774145 -44104445340254 -9956594083110 17114907239643 129771541841821
17 15 5 5 45297886469 8612667251973 -44600923064744 -10200130191949 17127249859131 129825817998274
18 0 5 5 234389457271 6060937709625 -37142380778914 -5825426383340 13707208447382 128405207286122
18 1 5 5 223730583632 6227829612684 -37609461199277 -6150462744186 14105658914679 128534630034841
18 2 5 5 212584071824 6394686595612 -38080865561765 -6470601468016 14498842204391 128617275597509
18 3 5 5 201075954379 6561465878444 -38562378406152 -6772425844822 14750281671426 128784912008756
18 4 5 5 189541621148 6728184674472 -39039388334653 -7072377748462 15032655412187 128923259131344
18 5 5 5 178001655111 6894798895442 -39517892840615 -7373054461695 15330478345660 128983177262003
18 6 5 5 166194380302 7061202019001 -39996947028467 -7665540246305 15577987560359 129079873553921
18 7 5 5 154174284528 7227387676832 -40473556854190 -7953867207672 15839350747083 129168695211404
18 8 5 5 141930863294 7393279149756 -40956353172447 -8239472537956 16058664697208 129198107680285
18 9 5 5 129376710344 7558879077795 -41437418256099 -8520617414676 16265129433485 129238409160990
18 10 5 5 116258183943 7723954871049 -41924783798424 -8790270885909 16427728340110 129299410168246
18 11 5 5 102970701156 7888729003509 -42411337349428 -9066827423220 16578043009636 129261150715875
18 12 5 5 89493171363 8053419903690 -42901302664881 -9328787916548 16712726340337 129293747001122
18 13 5 5 76108703571 8218023533583 -43386540008434 -9604732446590 16820706194622 129196061490940
18 14 5 5 62604439947 8382487927885 -43876121453427 -9876620332826 16967233324709 129078767529922
19 0 5 5 250936234164 6010056492023 -36931231111246 -5774195951629 13567566953467 127731086050664
19 1 5 5 239269093221 6175958066092 -37400179153043 -6094300822646 13956598259755 127863953394315
19 2 5 5 227579320217 6341876951935 -37874453482195 -6407812916777 14320267275599 127970354220469
19 3 5 5 215720299716 6507732806058 -38349501591467 -6712911738593 14607376942218 128111199839988
19 4 5 5 203244148048 6673455912691 -38825621081909 -7010394523932 14892469391635 128249512484077
19 5 5 5 190629700837 6839072074100 -39308724946789 -7300711622128 15127265328666 128360208290535
19 6 5 5 177869239409 7004484566328 -39782958036473 -7595793266319 15412991109508 128429544671939
19 7 5 5 164873745171 7169660527432 -40257575638328 -7885014659704 15678085758493 128491822151026
19 8 5 5 151702608333 7334583086146 -40735538836981 -8173890920505 15922645726328 128491546665902
19 9 5 5 138088308421 7499203033822 -41220242230811 -8444232224451 16094641096964 128585177851886
19 10 5 5 124072395275 7663299706044 -41701306326650 -8721269808538 16289902722321 128588175543431
19 11 5 5 109784348129 7827114876028 -42188440593337 -8991679029090 16445508643328 128577050279790
19 12 5 5 95260542837 7990844429785 -42680017270537 -9242813273490 16537474255390 128666763576611
19 13 5 5 80914082863 8154446318096 -43165096415842 -9519888320547 16641844419503 128538409063547
20 0 5 5 267827510288 5959566301085 -36725812341113 -5717660259716 13396008773747 127083923105609
20 1 5 5 255199134921 6124438584876 -37189895947603 -6041313990940 13835935902645 127172464030360
20 2 5 5 242422965903 6289323839737 -37665054813437 -6349620327548 14162598651517 127301117274497
20 3 5 5 229652595945 6454256718735 -38137421488143 -6653620182876 14460107819095 127439171798526
20 4 5 5 216712642635 6619013784229 -38610976709377 -6951946993714 14768274152546 127552927810407
20 5 5 5 203518919017 6783631811339 -39092821508961 -7240552886622 14994375865532 127661656826602
20 6 5 5 189856127386 6948079185366 -39568383052141 -7527018295235 15254702797734 127780222070381
20 7 5 5 175907997834 7112309808175 -40045260209546 -7811784490099 15498946680663 127843881965230
20 8 5 5 161818734181 7276233459068 -40515676366820 -8108522768141 15791375651735 127786843693611
20 9 5 5 147148877076 7439876363537 -41001972102823 -8369106118152 15940025505694 127933528115171
20 10 5 5 132197258587 7602998162866 -41479994485026 -8648346727725 16143565579509 127907394791889
20 11 5 5 116970480045 7765832279591 -41964741255720 -8921378546457 16307721174879 127865034635847
20 12 5 5 101440136497 7928594531938 -42455337090231 -9167117479209 16395552923929 127980742097724
21 0 5 5 285061630416 5909354972734 -36517927280173 -5666559185724 13270201110272 126395907368243
21 1 5 5 271447480827 6073244811281 -36980509158325 -5988455988672 13709221985438 126482973439327
21 2 5 5 257759521943 6237228876571 -37454290680435 -6295025643008 14029141179641 126609953537757
21 3 5 5 243881994218 6401085802559 -37927019412048 -6593855010021 14306857030216 126770528204895
21 4 5 5 230073437440 6564941591077 -38397207774896 -6893704310996 14639639680198 126858295888821
21 5 5 5 215883349518 6728567126766 -38877753214933 -7180548760536 14864404529492 126965039106529
21 6 5 5 201563581749 6892035426897 -39352750151384 -7462250847535 15116356310546 127106266903652
21 7 5 5 186988537396 7055282714469 -39830302759656 -7743687578762 15341162227204 127170484243876
21 8 5 5 172202069470 7218231837792 -40300462446202 -8035107321461 15631462233188 127138730515699
21 9 5 5 156544878326 7380887596218 -40785824723733 -8293527106484 15777348944878 127283401768320
21 10 5 5 140692023418 7543027481191 -41258334579421 -8579800787196 16009317190657 127199759166703
21 11 5 5 124365375755 7704889913111 -41751294367919 -8835220914176 16106108389281 127242334772644
22 0 5 5 302489173272 5859364600482 -36312060021592 -5613337394259 13124487466977 125730176571589
22 1 5 5 287972621155 6022334093845 -36771961062101 -5935712082619 13577384582027 125795484220741
22 2 5 5 273280873601 6185341242046 -37245866271466 -6237719707672 13880368541082 125943424590495
22 3 5 5 258523308940 6348307407312 -37716675806036 -6534930049933 14168282444624 126102132560166
22 4 5 5 243697925198 6511132047187 -38184337118513 -6835607075717 14511694712453 126165598829796
22 5 5 5 228525907625 6673799000144 -38664925532730 -7117540282178 14722693270419 126295068250683
22 6 5 5 213254268554 6836312647386 -39137987793958 -7397700245669 14978412443473 126433971729062
22 7 5 5 197688754050 6998572476670 -39614714559740 -7676688235218 15203257611878 126498106431820
22 8 5 5 181926521410 7160557125026 -40084202316024 -7965956458564 15480592778985 126465164811561
22 9 5 5 165632568573 7322219517185 -40568427310451 -8219331514764 15626249914560 126634407971797
22 10 5 5 148973270685 7483383111345 -41042075360706 -8505408722596 15845967255336 126522683660167
23 0 5 5 320237396542 5809676187292 -36107020705147 -5560328808642 12993537699206 125066199224961
23 1 5 5 304835345870 5971759461928 -36564255870272 -5883157819526 13446556629101 125109989566120
23 2 5 5 289129166494 6133747320263 -37036759586815 -6183424181764 13755168286564 125256186483215
23 3 5 5 273353863201 6295757918998 -37510457307585 -6471986146192 14001992886045 125460261923475
23 4 5 5 257553058764 6457602389555 -37976400581626 -6770589423883 14351277801209 125524167552470
23 5 5 5 241509971942 6619349944038 -38451657007037 -7057878310473 14595584058646 125602265822366
23 6 5 5 225196201430 6780874136478 -38926580954801 -7329150047186 14818050147760 125789734099309
23 7 5 5 208707168100 6942163500167 -39398611448200 -7613537512145 15075053256130 125801151592933
23 8 5 5 191933052926 7103193482517 -39871247539036 -7892585038944 15316835896995 125820285818220
23 9 5 5 174730093929 7263898661083 -40349702028544 -8152835663560 15494183410311 125932898213794
24 0 5 5 338406191887 5760387742409 -35901611345322 -5509738620145 12876652549282 124384167494691
24 1 5 5 321883392650 5921424145195 -36361678146418 -5824498835918 13278638902222 124471749189361
24 2 5 5 305400783085 6082582905925 -36828498516407 -6129304288315 13624845402089 124570916155529
24 3 5 5 288553843468 6243540801194 -37301708386382 -6413495783903 13860894184380 124795257193869
24 4 5 5 271786710084 6404486698798 -37771989297252 -6704091574102 14163981791847 124885921280629
24 5 5 5 254777358098 6565224285805 -38242023698885 -6994199895996 14440430463450 124937103812778
24 6 5 5 237543564790 6725810177206 -38714399240425 -7264185134259 14678805645770 125122611306258
24 7 5 5 220093076805 6886112611253 -39183424716955 -7550572657815 14954188684613 125106057690118
24 8 5 5 202328693072 7046163662550 -39654823902153 -7827986978191 15188534526828 125122933515634
25 0 5 5 356823638420 5711361221975 -35697060354243 -5459258691137 12749038531135 123704165464063
25 1 5 5 339401436637 5871494761663 -36155675692718 -5772307120351 13155505112423 123790184784205
25 2 5 5 321848678468 6031616450410 -36622518585864 -6072554482600 13479808405185 123909876198672
25 3 5 5 304091453594 6191677361534 -37095369865468 -6353922228351 13708040048971 124134443260656
25 4 5 5 286354255273 6351620454883 -37561668898132 -6646549480982 14035287648207 124198909325194
25 5 5 5 268344243984 6511406179523 -38033756057376 -6928015077535 14281341495915 124297762660499
25 6 5 5 250178433830 6671010362829 -38501299511059 -7203177693023 14554292299973 124431580075472
25 7 5 5 231766728907 6830381351319 -38970471215892 -7484139324516 14811284125213 124438857516526
26 0 5 5 375447803995 5662584097483 -35496749016266 -5405103839175 12590957915645 123048993117940
26 1 5 5 357173036458 5821816186635 -35950560954979 -5720251602737 13034432989030 123110595332602
26 2 5 5 338541952221 5980945138177 -36422342573247 -6010774670981 13299989484753 123276063460944
26 3 5 5 319839521622 6140064874972 -36894145706289 -6289584087120 13527554340809 123500040902557
26 4 5 5 301228425547 6299105694006 -37357416352431 -6583501476346 13876213052793 123539509305511
26 5 5 5 282308455009 6457930022147 -37822995235235 -6868961034598 14159422738799 123610627138080
26 6 5 5 263183939588 6616580214027 -38289076552275 -7142280839473 14430445281018 123742434652206
27 0 5 5 394410471150 5614168344303 -35298730640329 -5348659130037 12416871371904 122416811053106
27 1 5 5 375149181816 5772389817828 -35749416041569 -5664532108406 12878896293636 122456140495788
27 2 5 5 355675003523 5930675141386 -36219559023875 -5953351201669 13146583907328 122620254448132
27 3 5 5 336047276424 6088802788369 -36686982926648 -6234095133955 13425648896357 122818722296918
27 4 5 5 316398957343 6246858838706 -37150429629656 -6523001469493 13737355214483 122880134185957
27 5 5 5 296562291694 6404753708765 -37614371613395 -6806837038573 14032399266948 122949432260469
28 0 5 5 413751512247 5566044081160 -35096702576958 -5298742643026 12305763729503 121742674986277
28 1 5 5 393529612245 5723343928935 -35547708991505 -5609984102552 12741232235505 121802203077726
28 2 5 5 373050164175 5880629699856 -36016087529774 -5897146611512 13006002722190 121964621662572
28 3 5 5 352537866460 6037845274803 -36480640480160 -6178780480251 13306178910835 122139336263319
28 4 5 5 331878228286 6194940991580 -36946966695692 -6461005082443 13583778536063 122224111251999
29 0 5 5 433354092408 5518196223528 -34895502309406 -5248917617093 12182671469478 121070516740860
29 1 5 5 412162019849 5674559106230 -35348819515346 -5554171217293 12597561847923 121151829621794
29 2 5 5 390739289715 5830874396927 -35812045787479 -5843808124962 12881616462892 121289017091327
29 3 5 5 369306890663 5987165374035 -36275108149210 -6123586377006 13187245470377 121461877184995
30 0 5 5 453213982892 5470604237036 -34695203666316 -5199213557941 12060609588300 120400329198384
30 1 5 5 431048719828 5626051391366 -35151898911301 -5497666463647 12436330954989 120503861827463
30 2 5 5 408810143076 5781513865327 -35610245288875 -5787785498161 12749479537396 120636943429676
31 0 5 5 473476791275 5423413716707 -34495753749094 -5149687858748 11939530735614 119732111926417
31 1 5 5 450321594591 5577908092496 -34953470409772 -5442941572755 12290727230461 119856241294833
